
Element number 1------------------------------------------------------------------------------------------------------------------------------------------------------
[115384615000.0, 0.0, -153846154000.0, 46153846200.0, 38461538500.0, -11538461500.0, 2.89916992e-05, -46153846200.0, -1.83105469e-05, -2.20128849e-06, 5.92923063e-22, 11538461500.0][0.0, 40384615400.0, 53846153800.0, -53846153800.0, -13461538500.0, 13461538500.0, -53846153800.0, 9.15527344e-06, -2.61035496e-06, -6.86645508e-06, 13461538500.0, 2.54109884e-22][-153846154000.0, 53846153800.0, 415384615000.0, -100000000000.0, -153846154000.0, 46153846200.0, -107692308000.0, 100000000000.0, 1.83105469e-05, -100000000000.0, -6.95670793e-07, 4.57763672e-06][46153846200.0, -53846153800.0, -100000000000.0, 415384615000.0, 53846153800.0, -53846153800.0, 100000000000.0, -307692308000.0, -100000000000.0, -1.98364258e-05, 6.86645508e-06, 1.18339615e-06][38461538500.0, -13461538500.0, -153846154000.0, 53846153800.0, 155769231000.0, -75000000000.0, 8.39233398e-06, -2.0980835e-06, -53846153800.0, 46153846200.0, 13461538500.0, -11538461500.0][-11538461500.0, 13461538500.0, 46153846200.0, -53846153800.0, -75000000000.0, 155769231000.0, -2.86102295e-06, 2.86102295e-06, 53846153800.0, -153846154000.0, -13461538500.0, 38461538500.0][2.89916992e-05, -53846153800.0, -107692308000.0, 100000000000.0, 8.39233398e-06, -2.86102295e-06, 415384615000.0, -100000000000.0, -307692308000.0, 100000000000.0, 8.34789262e-06, -46153846200.0][-46153846200.0, 9.15527344e-06, 100000000000.0, -307692308000.0, -2.0980835e-06, 2.86102295e-06, -100000000000.0, 415384615000.0, 100000000000.0, -107692308000.0, -53846153800.0, 1.04171775e-06][-1.83105469e-05, -2.61035496e-06, 1.83105469e-05, -100000000000.0, -53846153800.0, 53846153800.0, -307692308000.0, 100000000000.0, 415384615000.0, -100000000000.0, -53846153800.0, 46153846200.0][-2.20128849e-06, -6.86645508e-06, -100000000000.0, -1.98364258e-05, 46153846200.0, -153846154000.0, 100000000000.0, -107692308000.0, -100000000000.0, 415384615000.0, 53846153800.0, -153846154000.0][5.92923063e-22, 13461538500.0, -6.95670793e-07, 6.86645508e-06, 13461538500.0, -13461538500.0, 8.34789262e-06, -53846153800.0, -53846153800.0, 53846153800.0, 40384615400.0, -2.60902411e-06][11538461500.0, 2.54109884e-22, 4.57763672e-06, 1.18339615e-06, -11538461500.0, 38461538500.0, -46153846200.0, 1.04171775e-06, 46153846200.0, -153846154000.0, -2.60902411e-06, 115384615000.0]

Element number 2------------------------------------------------------------------------------------------------------------------------------------------------------
[115384615000.0, 0.0, -153846154000.0, 46153846200.0, 38461538500.0, -11538461500.0, 2.89916992e-05, -46153846200.0, -1.83105469e-05, -2.20128849e-06, 5.92923063e-22, 11538461500.0][0.0, 40384615400.0, 53846153800.0, -53846153800.0, -13461538500.0, 13461538500.0, -53846153800.0, 9.15527344e-06, -2.61035496e-06, -6.86645508e-06, 13461538500.0, 2.54109884e-22][-153846154000.0, 53846153800.0, 415384615000.0, -100000000000.0, -153846154000.0, 46153846200.0, -107692308000.0, 100000000000.0, 1.83105469e-05, -100000000000.0, -6.95670793e-07, 4.57763672e-06][46153846200.0, -53846153800.0, -100000000000.0, 415384615000.0, 53846153800.0, -53846153800.0, 100000000000.0, -307692308000.0, -100000000000.0, -1.98364258e-05, 6.86645508e-06, 1.18339615e-06][38461538500.0, -13461538500.0, -153846154000.0, 53846153800.0, 155769231000.0, -75000000000.0, 8.39233398e-06, -2.0980835e-06, -53846153800.0, 46153846200.0, 13461538500.0, -11538461500.0][-11538461500.0, 13461538500.0, 46153846200.0, -53846153800.0, -75000000000.0, 155769231000.0, -2.86102295e-06, 2.86102295e-06, 53846153800.0, -153846154000.0, -13461538500.0, 38461538500.0][2.89916992e-05, -53846153800.0, -107692308000.0, 100000000000.0, 8.39233398e-06, -2.86102295e-06, 415384615000.0, -100000000000.0, -307692308000.0, 100000000000.0, 8.34789262e-06, -46153846200.0][-46153846200.0, 9.15527344e-06, 100000000000.0, -307692308000.0, -2.0980835e-06, 2.86102295e-06, -100000000000.0, 415384615000.0, 100000000000.0, -107692308000.0, -53846153800.0, 1.04171775e-06][-1.83105469e-05, -2.61035496e-06, 1.83105469e-05, -100000000000.0, -53846153800.0, 53846153800.0, -307692308000.0, 100000000000.0, 415384615000.0, -100000000000.0, -53846153800.0, 46153846200.0][-2.20128849e-06, -6.86645508e-06, -100000000000.0, -1.98364258e-05, 46153846200.0, -153846154000.0, 100000000000.0, -107692308000.0, -100000000000.0, 415384615000.0, 53846153800.0, -153846154000.0][5.92923063e-22, 13461538500.0, -6.95670793e-07, 6.86645508e-06, 13461538500.0, -13461538500.0, 8.34789262e-06, -53846153800.0, -53846153800.0, 53846153800.0, 40384615400.0, -2.60902411e-06][11538461500.0, 2.54109884e-22, 4.57763672e-06, 1.18339615e-06, -11538461500.0, 38461538500.0, -46153846200.0, 1.04171775e-06, 46153846200.0, -153846154000.0, -2.60902411e-06, 115384615000.0]

Element number 3------------------------------------------------------------------------------------------------------------------------------------------------------
[115384615000.0, 0.0, -153846154000.0, 46153846200.0, 38461538500.0, -11538461500.0, 2.89916992e-05, -46153846200.0, -1.83105469e-05, -2.20128849e-06, 5.92923063e-22, 11538461500.0][0.0, 40384615400.0, 53846153800.0, -53846153800.0, -13461538500.0, 13461538500.0, -53846153800.0, 9.15527344e-06, -2.61035496e-06, -6.86645508e-06, 13461538500.0, 2.54109884e-22][-153846154000.0, 53846153800.0, 415384615000.0, -100000000000.0, -153846154000.0, 46153846200.0, -107692308000.0, 100000000000.0, 1.83105469e-05, -100000000000.0, -6.95670793e-07, 4.57763672e-06][46153846200.0, -53846153800.0, -100000000000.0, 415384615000.0, 53846153800.0, -53846153800.0, 100000000000.0, -307692308000.0, -100000000000.0, -1.98364258e-05, 6.86645508e-06, 1.18339615e-06][38461538500.0, -13461538500.0, -153846154000.0, 53846153800.0, 155769231000.0, -75000000000.0, 8.39233398e-06, -2.0980835e-06, -53846153800.0, 46153846200.0, 13461538500.0, -11538461500.0][-11538461500.0, 13461538500.0, 46153846200.0, -53846153800.0, -75000000000.0, 155769231000.0, -2.86102295e-06, 2.86102295e-06, 53846153800.0, -153846154000.0, -13461538500.0, 38461538500.0][2.89916992e-05, -53846153800.0, -107692308000.0, 100000000000.0, 8.39233398e-06, -2.86102295e-06, 415384615000.0, -100000000000.0, -307692308000.0, 100000000000.0, 8.34789262e-06, -46153846200.0][-46153846200.0, 9.15527344e-06, 100000000000.0, -307692308000.0, -2.0980835e-06, 2.86102295e-06, -100000000000.0, 415384615000.0, 100000000000.0, -107692308000.0, -53846153800.0, 1.04171775e-06][-1.83105469e-05, -2.61035496e-06, 1.83105469e-05, -100000000000.0, -53846153800.0, 53846153800.0, -307692308000.0, 100000000000.0, 415384615000.0, -100000000000.0, -53846153800.0, 46153846200.0][-2.20128849e-06, -6.86645508e-06, -100000000000.0, -1.98364258e-05, 46153846200.0, -153846154000.0, 100000000000.0, -107692308000.0, -100000000000.0, 415384615000.0, 53846153800.0, -153846154000.0][5.92923063e-22, 13461538500.0, -6.95670793e-07, 6.86645508e-06, 13461538500.0, -13461538500.0, 8.34789262e-06, -53846153800.0, -53846153800.0, 53846153800.0, 40384615400.0, -2.60902411e-06][11538461500.0, 2.54109884e-22, 4.57763672e-06, 1.18339615e-06, -11538461500.0, 38461538500.0, -46153846200.0, 1.04171775e-06, 46153846200.0, -153846154000.0, -2.60902411e-06, 115384615000.0]

Element number 4------------------------------------------------------------------------------------------------------------------------------------------------------
[115384615000.0, 0.0, -153846154000.0, 46153846200.0, 38461538500.0, -11538461500.0, 2.89916992e-05, -46153846200.0, -1.83105469e-05, -2.20128849e-06, 5.92923063e-22, 11538461500.0][0.0, 40384615400.0, 53846153800.0, -53846153800.0, -13461538500.0, 13461538500.0, -53846153800.0, 9.15527344e-06, -2.61035496e-06, -6.86645508e-06, 13461538500.0, 2.54109884e-22][-153846154000.0, 53846153800.0, 415384615000.0, -100000000000.0, -153846154000.0, 46153846200.0, -107692308000.0, 100000000000.0, 1.83105469e-05, -100000000000.0, -6.95670793e-07, 4.57763672e-06][46153846200.0, -53846153800.0, -100000000000.0, 415384615000.0, 53846153800.0, -53846153800.0, 100000000000.0, -307692308000.0, -100000000000.0, -1.98364258e-05, 6.86645508e-06, 1.18339615e-06][38461538500.0, -13461538500.0, -153846154000.0, 53846153800.0, 155769231000.0, -75000000000.0, 8.39233398e-06, -2.0980835e-06, -53846153800.0, 46153846200.0, 13461538500.0, -11538461500.0][-11538461500.0, 13461538500.0, 46153846200.0, -53846153800.0, -75000000000.0, 155769231000.0, -2.86102295e-06, 2.86102295e-06, 53846153800.0, -153846154000.0, -13461538500.0, 38461538500.0][2.89916992e-05, -53846153800.0, -107692308000.0, 100000000000.0, 8.39233398e-06, -2.86102295e-06, 415384615000.0, -100000000000.0, -307692308000.0, 100000000000.0, 8.34789262e-06, -46153846200.0][-46153846200.0, 9.15527344e-06, 100000000000.0, -307692308000.0, -2.0980835e-06, 2.86102295e-06, -100000000000.0, 415384615000.0, 100000000000.0, -107692308000.0, -53846153800.0, 1.04171775e-06][-1.83105469e-05, -2.61035496e-06, 1.83105469e-05, -100000000000.0, -53846153800.0, 53846153800.0, -307692308000.0, 100000000000.0, 415384615000.0, -100000000000.0, -53846153800.0, 46153846200.0][-2.20128849e-06, -6.86645508e-06, -100000000000.0, -1.98364258e-05, 46153846200.0, -153846154000.0, 100000000000.0, -107692308000.0, -100000000000.0, 415384615000.0, 53846153800.0, -153846154000.0][5.92923063e-22, 13461538500.0, -6.95670793e-07, 6.86645508e-06, 13461538500.0, -13461538500.0, 8.34789262e-06, -53846153800.0, -53846153800.0, 53846153800.0, 40384615400.0, -2.60902411e-06][11538461500.0, 2.54109884e-22, 4.57763672e-06, 1.18339615e-06, -11538461500.0, 38461538500.0, -46153846200.0, 1.04171775e-06, 46153846200.0, -153846154000.0, -2.60902411e-06, 115384615000.0]

Element number 5------------------------------------------------------------------------------------------------------------------------------------------------------
[115384615000.0, 0.0, -153846154000.0, 46153846200.0, 38461538500.0, -11538461500.0, 2.89916992e-05, -46153846200.0, -1.83105469e-05, -2.20128849e-06, 5.92923063e-22, 11538461500.0][0.0, 40384615400.0, 53846153800.0, -53846153800.0, -13461538500.0, 13461538500.0, -53846153800.0, 9.15527344e-06, -2.61035496e-06, -6.86645508e-06, 13461538500.0, 2.54109884e-22][-153846154000.0, 53846153800.0, 415384615000.0, -100000000000.0, -153846154000.0, 46153846200.0, -107692308000.0, 100000000000.0, 1.83105469e-05, -100000000000.0, -6.95670793e-07, 4.57763672e-06][46153846200.0, -53846153800.0, -100000000000.0, 415384615000.0, 53846153800.0, -53846153800.0, 100000000000.0, -307692308000.0, -100000000000.0, -1.98364258e-05, 6.86645508e-06, 1.18339615e-06][38461538500.0, -13461538500.0, -153846154000.0, 53846153800.0, 155769231000.0, -75000000000.0, 8.39233398e-06, -2.0980835e-06, -53846153800.0, 46153846200.0, 13461538500.0, -11538461500.0][-11538461500.0, 13461538500.0, 46153846200.0, -53846153800.0, -75000000000.0, 155769231000.0, -2.86102295e-06, 2.86102295e-06, 53846153800.0, -153846154000.0, -13461538500.0, 38461538500.0][2.89916992e-05, -53846153800.0, -107692308000.0, 100000000000.0, 8.39233398e-06, -2.86102295e-06, 415384615000.0, -100000000000.0, -307692308000.0, 100000000000.0, 8.34789262e-06, -46153846200.0][-46153846200.0, 9.15527344e-06, 100000000000.0, -307692308000.0, -2.0980835e-06, 2.86102295e-06, -100000000000.0, 415384615000.0, 100000000000.0, -107692308000.0, -53846153800.0, 1.04171775e-06][-1.83105469e-05, -2.61035496e-06, 1.83105469e-05, -100000000000.0, -53846153800.0, 53846153800.0, -307692308000.0, 100000000000.0, 415384615000.0, -100000000000.0, -53846153800.0, 46153846200.0][-2.20128849e-06, -6.86645508e-06, -100000000000.0, -1.98364258e-05, 46153846200.0, -153846154000.0, 100000000000.0, -107692308000.0, -100000000000.0, 415384615000.0, 53846153800.0, -153846154000.0][5.92923063e-22, 13461538500.0, -6.95670793e-07, 6.86645508e-06, 13461538500.0, -13461538500.0, 8.34789262e-06, -53846153800.0, -53846153800.0, 53846153800.0, 40384615400.0, -2.60902411e-06][11538461500.0, 2.54109884e-22, 4.57763672e-06, 1.18339615e-06, -11538461500.0, 38461538500.0, -46153846200.0, 1.04171775e-06, 46153846200.0, -153846154000.0, -2.60902411e-06, 115384615000.0]

Element number 6------------------------------------------------------------------------------------------------------------------------------------------------------
[115384615000.0, 0.0, -153846154000.0, 46153846200.0, 38461538500.0, -11538461500.0, 2.89916992e-05, -46153846200.0, -1.83105469e-05, -2.20128849e-06, 5.92923063e-22, 11538461500.0][0.0, 40384615400.0, 53846153800.0, -53846153800.0, -13461538500.0, 13461538500.0, -53846153800.0, 9.15527344e-06, -2.61035496e-06, -6.86645508e-06, 13461538500.0, 2.54109884e-22][-153846154000.0, 53846153800.0, 415384615000.0, -100000000000.0, -153846154000.0, 46153846200.0, -107692308000.0, 100000000000.0, 1.83105469e-05, -100000000000.0, -6.95670793e-07, 4.57763672e-06][46153846200.0, -53846153800.0, -100000000000.0, 415384615000.0, 53846153800.0, -53846153800.0, 100000000000.0, -307692308000.0, -100000000000.0, -1.98364258e-05, 6.86645508e-06, 1.18339615e-06][38461538500.0, -13461538500.0, -153846154000.0, 53846153800.0, 155769231000.0, -75000000000.0, 8.39233398e-06, -2.0980835e-06, -53846153800.0, 46153846200.0, 13461538500.0, -11538461500.0][-11538461500.0, 13461538500.0, 46153846200.0, -53846153800.0, -75000000000.0, 155769231000.0, -2.86102295e-06, 2.86102295e-06, 53846153800.0, -153846154000.0, -13461538500.0, 38461538500.0][2.89916992e-05, -53846153800.0, -107692308000.0, 100000000000.0, 8.39233398e-06, -2.86102295e-06, 415384615000.0, -100000000000.0, -307692308000.0, 100000000000.0, 8.34789262e-06, -46153846200.0][-46153846200.0, 9.15527344e-06, 100000000000.0, -307692308000.0, -2.0980835e-06, 2.86102295e-06, -100000000000.0, 415384615000.0, 100000000000.0, -107692308000.0, -53846153800.0, 1.04171775e-06][-1.83105469e-05, -2.61035496e-06, 1.83105469e-05, -100000000000.0, -53846153800.0, 53846153800.0, -307692308000.0, 100000000000.0, 415384615000.0, -100000000000.0, -53846153800.0, 46153846200.0][-2.20128849e-06, -6.86645508e-06, -100000000000.0, -1.98364258e-05, 46153846200.0, -153846154000.0, 100000000000.0, -107692308000.0, -100000000000.0, 415384615000.0, 53846153800.0, -153846154000.0][5.92923063e-22, 13461538500.0, -6.95670793e-07, 6.86645508e-06, 13461538500.0, -13461538500.0, 8.34789262e-06, -53846153800.0, -53846153800.0, 53846153800.0, 40384615400.0, -2.60902411e-06][11538461500.0, 2.54109884e-22, 4.57763672e-06, 1.18339615e-06, -11538461500.0, 38461538500.0, -46153846200.0, 1.04171775e-06, 46153846200.0, -153846154000.0, -2.60902411e-06, 115384615000.0]

Element number 7------------------------------------------------------------------------------------------------------------------------------------------------------
[115384615000.0, 0.0, -153846154000.0, 46153846200.0, 38461538500.0, -11538461500.0, 2.89916992e-05, -46153846200.0, -1.83105469e-05, -2.20128849e-06, 5.92923063e-22, 11538461500.0][0.0, 40384615400.0, 53846153800.0, -53846153800.0, -13461538500.0, 13461538500.0, -53846153800.0, 9.15527344e-06, -2.61035496e-06, -6.86645508e-06, 13461538500.0, 2.54109884e-22][-153846154000.0, 53846153800.0, 415384615000.0, -100000000000.0, -153846154000.0, 46153846200.0, -107692308000.0, 100000000000.0, 1.83105469e-05, -100000000000.0, -6.95670793e-07, 4.57763672e-06][46153846200.0, -53846153800.0, -100000000000.0, 415384615000.0, 53846153800.0, -53846153800.0, 100000000000.0, -307692308000.0, -100000000000.0, -1.98364258e-05, 6.86645508e-06, 1.18339615e-06][38461538500.0, -13461538500.0, -153846154000.0, 53846153800.0, 155769231000.0, -75000000000.0, 8.39233398e-06, -2.0980835e-06, -53846153800.0, 46153846200.0, 13461538500.0, -11538461500.0][-11538461500.0, 13461538500.0, 46153846200.0, -53846153800.0, -75000000000.0, 155769231000.0, -2.86102295e-06, 2.86102295e-06, 53846153800.0, -153846154000.0, -13461538500.0, 38461538500.0][2.89916992e-05, -53846153800.0, -107692308000.0, 100000000000.0, 8.39233398e-06, -2.86102295e-06, 415384615000.0, -100000000000.0, -307692308000.0, 100000000000.0, 8.34789262e-06, -46153846200.0][-46153846200.0, 9.15527344e-06, 100000000000.0, -307692308000.0, -2.0980835e-06, 2.86102295e-06, -100000000000.0, 415384615000.0, 100000000000.0, -107692308000.0, -53846153800.0, 1.04171775e-06][-1.83105469e-05, -2.61035496e-06, 1.83105469e-05, -100000000000.0, -53846153800.0, 53846153800.0, -307692308000.0, 100000000000.0, 415384615000.0, -100000000000.0, -53846153800.0, 46153846200.0][-2.20128849e-06, -6.86645508e-06, -100000000000.0, -1.98364258e-05, 46153846200.0, -153846154000.0, 100000000000.0, -107692308000.0, -100000000000.0, 415384615000.0, 53846153800.0, -153846154000.0][5.92923063e-22, 13461538500.0, -6.95670793e-07, 6.86645508e-06, 13461538500.0, -13461538500.0, 8.34789262e-06, -53846153800.0, -53846153800.0, 53846153800.0, 40384615400.0, -2.60902411e-06][11538461500.0, 2.54109884e-22, 4.57763672e-06, 1.18339615e-06, -11538461500.0, 38461538500.0, -46153846200.0, 1.04171775e-06, 46153846200.0, -153846154000.0, -2.60902411e-06, 115384615000.0]

Element number 8------------------------------------------------------------------------------------------------------------------------------------------------------
[115384615000.0, 0.0, -153846154000.0, 46153846200.0, 38461538500.0, -11538461500.0, 2.89916992e-05, -46153846200.0, -1.83105469e-05, -2.20128849e-06, 5.92923063e-22, 11538461500.0][0.0, 40384615400.0, 53846153800.0, -53846153800.0, -13461538500.0, 13461538500.0, -53846153800.0, 9.15527344e-06, -2.61035496e-06, -6.86645508e-06, 13461538500.0, 2.54109884e-22][-153846154000.0, 53846153800.0, 415384615000.0, -100000000000.0, -153846154000.0, 46153846200.0, -107692308000.0, 100000000000.0, 1.83105469e-05, -100000000000.0, -6.95670793e-07, 4.57763672e-06][46153846200.0, -53846153800.0, -100000000000.0, 415384615000.0, 53846153800.0, -53846153800.0, 100000000000.0, -307692308000.0, -100000000000.0, -1.98364258e-05, 6.86645508e-06, 1.18339615e-06][38461538500.0, -13461538500.0, -153846154000.0, 53846153800.0, 155769231000.0, -75000000000.0, 8.39233398e-06, -2.0980835e-06, -53846153800.0, 46153846200.0, 13461538500.0, -11538461500.0][-11538461500.0, 13461538500.0, 46153846200.0, -53846153800.0, -75000000000.0, 155769231000.0, -2.86102295e-06, 2.86102295e-06, 53846153800.0, -153846154000.0, -13461538500.0, 38461538500.0][2.89916992e-05, -53846153800.0, -107692308000.0, 100000000000.0, 8.39233398e-06, -2.86102295e-06, 415384615000.0, -100000000000.0, -307692308000.0, 100000000000.0, 8.34789262e-06, -46153846200.0][-46153846200.0, 9.15527344e-06, 100000000000.0, -307692308000.0, -2.0980835e-06, 2.86102295e-06, -100000000000.0, 415384615000.0, 100000000000.0, -107692308000.0, -53846153800.0, 1.04171775e-06][-1.83105469e-05, -2.61035496e-06, 1.83105469e-05, -100000000000.0, -53846153800.0, 53846153800.0, -307692308000.0, 100000000000.0, 415384615000.0, -100000000000.0, -53846153800.0, 46153846200.0][-2.20128849e-06, -6.86645508e-06, -100000000000.0, -1.98364258e-05, 46153846200.0, -153846154000.0, 100000000000.0, -107692308000.0, -100000000000.0, 415384615000.0, 53846153800.0, -153846154000.0][5.92923063e-22, 13461538500.0, -6.95670793e-07, 6.86645508e-06, 13461538500.0, -13461538500.0, 8.34789262e-06, -53846153800.0, -53846153800.0, 53846153800.0, 40384615400.0, -2.60902411e-06][11538461500.0, 2.54109884e-22, 4.57763672e-06, 1.18339615e-06, -11538461500.0, 38461538500.0, -46153846200.0, 1.04171775e-06, 46153846200.0, -153846154000.0, -2.60902411e-06, 115384615000.0]

Element number 9------------------------------------------------------------------------------------------------------------------------------------------------------
[115384615000.0, 0.0, -153846154000.0, 46153846200.0, 38461538500.0, -11538461500.0, 2.89916992e-05, -46153846200.0, -1.83105469e-05, -2.20128849e-06, 5.92923063e-22, 11538461500.0][0.0, 40384615400.0, 53846153800.0, -53846153800.0, -13461538500.0, 13461538500.0, -53846153800.0, 9.15527344e-06, -2.61035496e-06, -6.86645508e-06, 13461538500.0, 2.54109884e-22][-153846154000.0, 53846153800.0, 415384615000.0, -100000000000.0, -153846154000.0, 46153846200.0, -107692308000.0, 100000000000.0, 1.83105469e-05, -100000000000.0, -6.95670793e-07, 4.57763672e-06][46153846200.0, -53846153800.0, -100000000000.0, 415384615000.0, 53846153800.0, -53846153800.0, 100000000000.0, -307692308000.0, -100000000000.0, -1.98364258e-05, 6.86645508e-06, 1.18339615e-06][38461538500.0, -13461538500.0, -153846154000.0, 53846153800.0, 155769231000.0, -75000000000.0, 8.39233398e-06, -2.0980835e-06, -53846153800.0, 46153846200.0, 13461538500.0, -11538461500.0][-11538461500.0, 13461538500.0, 46153846200.0, -53846153800.0, -75000000000.0, 155769231000.0, -2.86102295e-06, 2.86102295e-06, 53846153800.0, -153846154000.0, -13461538500.0, 38461538500.0][2.89916992e-05, -53846153800.0, -107692308000.0, 100000000000.0, 8.39233398e-06, -2.86102295e-06, 415384615000.0, -100000000000.0, -307692308000.0, 100000000000.0, 8.34789262e-06, -46153846200.0][-46153846200.0, 9.15527344e-06, 100000000000.0, -307692308000.0, -2.0980835e-06, 2.86102295e-06, -100000000000.0, 415384615000.0, 100000000000.0, -107692308000.0, -53846153800.0, 1.04171775e-06][-1.83105469e-05, -2.61035496e-06, 1.83105469e-05, -100000000000.0, -53846153800.0, 53846153800.0, -307692308000.0, 100000000000.0, 415384615000.0, -100000000000.0, -53846153800.0, 46153846200.0][-2.20128849e-06, -6.86645508e-06, -100000000000.0, -1.98364258e-05, 46153846200.0, -153846154000.0, 100000000000.0, -107692308000.0, -100000000000.0, 415384615000.0, 53846153800.0, -153846154000.0][5.92923063e-22, 13461538500.0, -6.95670793e-07, 6.86645508e-06, 13461538500.0, -13461538500.0, 8.34789262e-06, -53846153800.0, -53846153800.0, 53846153800.0, 40384615400.0, -2.60902411e-06][11538461500.0, 2.54109884e-22, 4.57763672e-06, 1.18339615e-06, -11538461500.0, 38461538500.0, -46153846200.0, 1.04171775e-06, 46153846200.0, -153846154000.0, -2.60902411e-06, 115384615000.0]

Element number 10------------------------------------------------------------------------------------------------------------------------------------------------------
[115384615000.0, 0.0, -153846154000.0, 46153846200.0, 38461538500.0, -11538461500.0, 2.89916992e-05, -46153846200.0, -1.83105469e-05, -2.20128849e-06, 5.92923063e-22, 11538461500.0][0.0, 40384615400.0, 53846153800.0, -53846153800.0, -13461538500.0, 13461538500.0, -53846153800.0, 9.15527344e-06, -2.61035496e-06, -6.86645508e-06, 13461538500.0, 2.54109884e-22][-153846154000.0, 53846153800.0, 415384615000.0, -100000000000.0, -153846154000.0, 46153846200.0, -107692308000.0, 100000000000.0, 1.83105469e-05, -100000000000.0, -6.95670793e-07, 4.57763672e-06][46153846200.0, -53846153800.0, -100000000000.0, 415384615000.0, 53846153800.0, -53846153800.0, 100000000000.0, -307692308000.0, -100000000000.0, -1.98364258e-05, 6.86645508e-06, 1.18339615e-06][38461538500.0, -13461538500.0, -153846154000.0, 53846153800.0, 155769231000.0, -75000000000.0, 8.39233398e-06, -2.0980835e-06, -53846153800.0, 46153846200.0, 13461538500.0, -11538461500.0][-11538461500.0, 13461538500.0, 46153846200.0, -53846153800.0, -75000000000.0, 155769231000.0, -2.86102295e-06, 2.86102295e-06, 53846153800.0, -153846154000.0, -13461538500.0, 38461538500.0][2.89916992e-05, -53846153800.0, -107692308000.0, 100000000000.0, 8.39233398e-06, -2.86102295e-06, 415384615000.0, -100000000000.0, -307692308000.0, 100000000000.0, 8.34789262e-06, -46153846200.0][-46153846200.0, 9.15527344e-06, 100000000000.0, -307692308000.0, -2.0980835e-06, 2.86102295e-06, -100000000000.0, 415384615000.0, 100000000000.0, -107692308000.0, -53846153800.0, 1.04171775e-06][-1.83105469e-05, -2.61035496e-06, 1.83105469e-05, -100000000000.0, -53846153800.0, 53846153800.0, -307692308000.0, 100000000000.0, 415384615000.0, -100000000000.0, -53846153800.0, 46153846200.0][-2.20128849e-06, -6.86645508e-06, -100000000000.0, -1.98364258e-05, 46153846200.0, -153846154000.0, 100000000000.0, -107692308000.0, -100000000000.0, 415384615000.0, 53846153800.0, -153846154000.0][5.92923063e-22, 13461538500.0, -6.95670793e-07, 6.86645508e-06, 13461538500.0, -13461538500.0, 8.34789262e-06, -53846153800.0, -53846153800.0, 53846153800.0, 40384615400.0, -2.60902411e-06][11538461500.0, 2.54109884e-22, 4.57763672e-06, 1.18339615e-06, -11538461500.0, 38461538500.0, -46153846200.0, 1.04171775e-06, 46153846200.0, -153846154000.0, -2.60902411e-06, 115384615000.0]

Element number 11------------------------------------------------------------------------------------------------------------------------------------------------------
[115384615000.0, 0.0, -153846154000.0, 46153846200.0, 38461538500.0, -11538461500.0, 2.89916992e-05, -46153846200.0, -1.83105469e-05, -2.20128849e-06, 5.92923063e-22, 11538461500.0][0.0, 40384615400.0, 53846153800.0, -53846153800.0, -13461538500.0, 13461538500.0, -53846153800.0, 9.15527344e-06, -2.61035496e-06, -6.86645508e-06, 13461538500.0, 2.54109884e-22][-153846154000.0, 53846153800.0, 415384615000.0, -100000000000.0, -153846154000.0, 46153846200.0, -107692308000.0, 100000000000.0, 1.83105469e-05, -100000000000.0, -6.95670793e-07, 4.57763672e-06][46153846200.0, -53846153800.0, -100000000000.0, 415384615000.0, 53846153800.0, -53846153800.0, 100000000000.0, -307692308000.0, -100000000000.0, -1.98364258e-05, 6.86645508e-06, 1.18339615e-06][38461538500.0, -13461538500.0, -153846154000.0, 53846153800.0, 155769231000.0, -75000000000.0, 8.39233398e-06, -2.0980835e-06, -53846153800.0, 46153846200.0, 13461538500.0, -11538461500.0][-11538461500.0, 13461538500.0, 46153846200.0, -53846153800.0, -75000000000.0, 155769231000.0, -2.86102295e-06, 2.86102295e-06, 53846153800.0, -153846154000.0, -13461538500.0, 38461538500.0][2.89916992e-05, -53846153800.0, -107692308000.0, 100000000000.0, 8.39233398e-06, -2.86102295e-06, 415384615000.0, -100000000000.0, -307692308000.0, 100000000000.0, 8.34789262e-06, -46153846200.0][-46153846200.0, 9.15527344e-06, 100000000000.0, -307692308000.0, -2.0980835e-06, 2.86102295e-06, -100000000000.0, 415384615000.0, 100000000000.0, -107692308000.0, -53846153800.0, 1.04171775e-06][-1.83105469e-05, -2.61035496e-06, 1.83105469e-05, -100000000000.0, -53846153800.0, 53846153800.0, -307692308000.0, 100000000000.0, 415384615000.0, -100000000000.0, -53846153800.0, 46153846200.0][-2.20128849e-06, -6.86645508e-06, -100000000000.0, -1.98364258e-05, 46153846200.0, -153846154000.0, 100000000000.0, -107692308000.0, -100000000000.0, 415384615000.0, 53846153800.0, -153846154000.0][5.92923063e-22, 13461538500.0, -6.95670793e-07, 6.86645508e-06, 13461538500.0, -13461538500.0, 8.34789262e-06, -53846153800.0, -53846153800.0, 53846153800.0, 40384615400.0, -2.60902411e-06][11538461500.0, 2.54109884e-22, 4.57763672e-06, 1.18339615e-06, -11538461500.0, 38461538500.0, -46153846200.0, 1.04171775e-06, 46153846200.0, -153846154000.0, -2.60902411e-06, 115384615000.0]

Element number 12------------------------------------------------------------------------------------------------------------------------------------------------------
[115384615000.0, 0.0, -153846154000.0, 46153846200.0, 38461538500.0, -11538461500.0, 2.89916992e-05, -46153846200.0, -1.83105469e-05, -2.20128849e-06, 5.92923063e-22, 11538461500.0][0.0, 40384615400.0, 53846153800.0, -53846153800.0, -13461538500.0, 13461538500.0, -53846153800.0, 9.15527344e-06, -2.61035496e-06, -6.86645508e-06, 13461538500.0, 2.54109884e-22][-153846154000.0, 53846153800.0, 415384615000.0, -100000000000.0, -153846154000.0, 46153846200.0, -107692308000.0, 100000000000.0, 1.83105469e-05, -100000000000.0, -6.95670793e-07, 4.57763672e-06][46153846200.0, -53846153800.0, -100000000000.0, 415384615000.0, 53846153800.0, -53846153800.0, 100000000000.0, -307692308000.0, -100000000000.0, -1.98364258e-05, 6.86645508e-06, 1.18339615e-06][38461538500.0, -13461538500.0, -153846154000.0, 53846153800.0, 155769231000.0, -75000000000.0, 8.39233398e-06, -2.0980835e-06, -53846153800.0, 46153846200.0, 13461538500.0, -11538461500.0][-11538461500.0, 13461538500.0, 46153846200.0, -53846153800.0, -75000000000.0, 155769231000.0, -2.86102295e-06, 2.86102295e-06, 53846153800.0, -153846154000.0, -13461538500.0, 38461538500.0][2.89916992e-05, -53846153800.0, -107692308000.0, 100000000000.0, 8.39233398e-06, -2.86102295e-06, 415384615000.0, -100000000000.0, -307692308000.0, 100000000000.0, 8.34789262e-06, -46153846200.0][-46153846200.0, 9.15527344e-06, 100000000000.0, -307692308000.0, -2.0980835e-06, 2.86102295e-06, -100000000000.0, 415384615000.0, 100000000000.0, -107692308000.0, -53846153800.0, 1.04171775e-06][-1.83105469e-05, -2.61035496e-06, 1.83105469e-05, -100000000000.0, -53846153800.0, 53846153800.0, -307692308000.0, 100000000000.0, 415384615000.0, -100000000000.0, -53846153800.0, 46153846200.0][-2.20128849e-06, -6.86645508e-06, -100000000000.0, -1.98364258e-05, 46153846200.0, -153846154000.0, 100000000000.0, -107692308000.0, -100000000000.0, 415384615000.0, 53846153800.0, -153846154000.0][5.92923063e-22, 13461538500.0, -6.95670793e-07, 6.86645508e-06, 13461538500.0, -13461538500.0, 8.34789262e-06, -53846153800.0, -53846153800.0, 53846153800.0, 40384615400.0, -2.60902411e-06][11538461500.0, 2.54109884e-22, 4.57763672e-06, 1.18339615e-06, -11538461500.0, 38461538500.0, -46153846200.0, 1.04171775e-06, 46153846200.0, -153846154000.0, -2.60902411e-06, 115384615000.0]

Element number 13------------------------------------------------------------------------------------------------------------------------------------------------------
[115384615000.0, 0.0, -153846154000.0, 46153846200.0, 38461538500.0, -11538461500.0, 2.89916992e-05, -46153846200.0, -1.83105469e-05, -2.20128849e-06, 5.92923063e-22, 11538461500.0][0.0, 40384615400.0, 53846153800.0, -53846153800.0, -13461538500.0, 13461538500.0, -53846153800.0, 9.15527344e-06, -2.61035496e-06, -6.86645508e-06, 13461538500.0, 2.54109884e-22][-153846154000.0, 53846153800.0, 415384615000.0, -100000000000.0, -153846154000.0, 46153846200.0, -107692308000.0, 100000000000.0, 1.83105469e-05, -100000000000.0, -6.95670793e-07, 4.57763672e-06][46153846200.0, -53846153800.0, -100000000000.0, 415384615000.0, 53846153800.0, -53846153800.0, 100000000000.0, -307692308000.0, -100000000000.0, -1.98364258e-05, 6.86645508e-06, 1.18339615e-06][38461538500.0, -13461538500.0, -153846154000.0, 53846153800.0, 155769231000.0, -75000000000.0, 8.39233398e-06, -2.0980835e-06, -53846153800.0, 46153846200.0, 13461538500.0, -11538461500.0][-11538461500.0, 13461538500.0, 46153846200.0, -53846153800.0, -75000000000.0, 155769231000.0, -2.86102295e-06, 2.86102295e-06, 53846153800.0, -153846154000.0, -13461538500.0, 38461538500.0][2.89916992e-05, -53846153800.0, -107692308000.0, 100000000000.0, 8.39233398e-06, -2.86102295e-06, 415384615000.0, -100000000000.0, -307692308000.0, 100000000000.0, 8.34789262e-06, -46153846200.0][-46153846200.0, 9.15527344e-06, 100000000000.0, -307692308000.0, -2.0980835e-06, 2.86102295e-06, -100000000000.0, 415384615000.0, 100000000000.0, -107692308000.0, -53846153800.0, 1.04171775e-06][-1.83105469e-05, -2.61035496e-06, 1.83105469e-05, -100000000000.0, -53846153800.0, 53846153800.0, -307692308000.0, 100000000000.0, 415384615000.0, -100000000000.0, -53846153800.0, 46153846200.0][-2.20128849e-06, -6.86645508e-06, -100000000000.0, -1.98364258e-05, 46153846200.0, -153846154000.0, 100000000000.0, -107692308000.0, -100000000000.0, 415384615000.0, 53846153800.0, -153846154000.0][5.92923063e-22, 13461538500.0, -6.95670793e-07, 6.86645508e-06, 13461538500.0, -13461538500.0, 8.34789262e-06, -53846153800.0, -53846153800.0, 53846153800.0, 40384615400.0, -2.60902411e-06][11538461500.0, 2.54109884e-22, 4.57763672e-06, 1.18339615e-06, -11538461500.0, 38461538500.0, -46153846200.0, 1.04171775e-06, 46153846200.0, -153846154000.0, -2.60902411e-06, 115384615000.0]

Element number 14------------------------------------------------------------------------------------------------------------------------------------------------------
[115384615000.0, 0.0, -153846154000.0, 46153846200.0, 38461538500.0, -11538461500.0, 2.89916992e-05, -46153846200.0, -1.83105469e-05, -2.20128849e-06, 5.92923063e-22, 11538461500.0][0.0, 40384615400.0, 53846153800.0, -53846153800.0, -13461538500.0, 13461538500.0, -53846153800.0, 9.15527344e-06, -2.61035496e-06, -6.86645508e-06, 13461538500.0, 2.54109884e-22][-153846154000.0, 53846153800.0, 415384615000.0, -100000000000.0, -153846154000.0, 46153846200.0, -107692308000.0, 100000000000.0, 1.83105469e-05, -100000000000.0, -6.95670793e-07, 4.57763672e-06][46153846200.0, -53846153800.0, -100000000000.0, 415384615000.0, 53846153800.0, -53846153800.0, 100000000000.0, -307692308000.0, -100000000000.0, -1.98364258e-05, 6.86645508e-06, 1.18339615e-06][38461538500.0, -13461538500.0, -153846154000.0, 53846153800.0, 155769231000.0, -75000000000.0, 8.39233398e-06, -2.0980835e-06, -53846153800.0, 46153846200.0, 13461538500.0, -11538461500.0][-11538461500.0, 13461538500.0, 46153846200.0, -53846153800.0, -75000000000.0, 155769231000.0, -2.86102295e-06, 2.86102295e-06, 53846153800.0, -153846154000.0, -13461538500.0, 38461538500.0][2.89916992e-05, -53846153800.0, -107692308000.0, 100000000000.0, 8.39233398e-06, -2.86102295e-06, 415384615000.0, -100000000000.0, -307692308000.0, 100000000000.0, 8.34789262e-06, -46153846200.0][-46153846200.0, 9.15527344e-06, 100000000000.0, -307692308000.0, -2.0980835e-06, 2.86102295e-06, -100000000000.0, 415384615000.0, 100000000000.0, -107692308000.0, -53846153800.0, 1.04171775e-06][-1.83105469e-05, -2.61035496e-06, 1.83105469e-05, -100000000000.0, -53846153800.0, 53846153800.0, -307692308000.0, 100000000000.0, 415384615000.0, -100000000000.0, -53846153800.0, 46153846200.0][-2.20128849e-06, -6.86645508e-06, -100000000000.0, -1.98364258e-05, 46153846200.0, -153846154000.0, 100000000000.0, -107692308000.0, -100000000000.0, 415384615000.0, 53846153800.0, -153846154000.0][5.92923063e-22, 13461538500.0, -6.95670793e-07, 6.86645508e-06, 13461538500.0, -13461538500.0, 8.34789262e-06, -53846153800.0, -53846153800.0, 53846153800.0, 40384615400.0, -2.60902411e-06][11538461500.0, 2.54109884e-22, 4.57763672e-06, 1.18339615e-06, -11538461500.0, 38461538500.0, -46153846200.0, 1.04171775e-06, 46153846200.0, -153846154000.0, -2.60902411e-06, 115384615000.0]

Element number 15------------------------------------------------------------------------------------------------------------------------------------------------------
[115384615000.0, 0.0, -153846154000.0, 46153846200.0, 38461538500.0, -11538461500.0, 2.89916992e-05, -46153846200.0, -1.83105469e-05, -2.20128849e-06, 5.92923063e-22, 11538461500.0][0.0, 40384615400.0, 53846153800.0, -53846153800.0, -13461538500.0, 13461538500.0, -53846153800.0, 9.15527344e-06, -2.61035496e-06, -6.86645508e-06, 13461538500.0, 2.54109884e-22][-153846154000.0, 53846153800.0, 415384615000.0, -100000000000.0, -153846154000.0, 46153846200.0, -107692308000.0, 100000000000.0, 1.83105469e-05, -100000000000.0, -6.95670793e-07, 4.57763672e-06][46153846200.0, -53846153800.0, -100000000000.0, 415384615000.0, 53846153800.0, -53846153800.0, 100000000000.0, -307692308000.0, -100000000000.0, -1.98364258e-05, 6.86645508e-06, 1.18339615e-06][38461538500.0, -13461538500.0, -153846154000.0, 53846153800.0, 155769231000.0, -75000000000.0, 8.39233398e-06, -2.0980835e-06, -53846153800.0, 46153846200.0, 13461538500.0, -11538461500.0][-11538461500.0, 13461538500.0, 46153846200.0, -53846153800.0, -75000000000.0, 155769231000.0, -2.86102295e-06, 2.86102295e-06, 53846153800.0, -153846154000.0, -13461538500.0, 38461538500.0][2.89916992e-05, -53846153800.0, -107692308000.0, 100000000000.0, 8.39233398e-06, -2.86102295e-06, 415384615000.0, -100000000000.0, -307692308000.0, 100000000000.0, 8.34789262e-06, -46153846200.0][-46153846200.0, 9.15527344e-06, 100000000000.0, -307692308000.0, -2.0980835e-06, 2.86102295e-06, -100000000000.0, 415384615000.0, 100000000000.0, -107692308000.0, -53846153800.0, 1.04171775e-06][-1.83105469e-05, -2.61035496e-06, 1.83105469e-05, -100000000000.0, -53846153800.0, 53846153800.0, -307692308000.0, 100000000000.0, 415384615000.0, -100000000000.0, -53846153800.0, 46153846200.0][-2.20128849e-06, -6.86645508e-06, -100000000000.0, -1.98364258e-05, 46153846200.0, -153846154000.0, 100000000000.0, -107692308000.0, -100000000000.0, 415384615000.0, 53846153800.0, -153846154000.0][5.92923063e-22, 13461538500.0, -6.95670793e-07, 6.86645508e-06, 13461538500.0, -13461538500.0, 8.34789262e-06, -53846153800.0, -53846153800.0, 53846153800.0, 40384615400.0, -2.60902411e-06][11538461500.0, 2.54109884e-22, 4.57763672e-06, 1.18339615e-06, -11538461500.0, 38461538500.0, -46153846200.0, 1.04171775e-06, 46153846200.0, -153846154000.0, -2.60902411e-06, 115384615000.0]

Element number 16------------------------------------------------------------------------------------------------------------------------------------------------------
[115384615000.0, 0.0, -153846154000.0, 46153846200.0, 38461538500.0, -11538461500.0, 2.89916992e-05, -46153846200.0, -1.83105469e-05, -2.20128849e-06, 5.92923063e-22, 11538461500.0][0.0, 40384615400.0, 53846153800.0, -53846153800.0, -13461538500.0, 13461538500.0, -53846153800.0, 9.15527344e-06, -2.61035496e-06, -6.86645508e-06, 13461538500.0, 2.54109884e-22][-153846154000.0, 53846153800.0, 415384615000.0, -100000000000.0, -153846154000.0, 46153846200.0, -107692308000.0, 100000000000.0, 1.83105469e-05, -100000000000.0, -6.95670793e-07, 4.57763672e-06][46153846200.0, -53846153800.0, -100000000000.0, 415384615000.0, 53846153800.0, -53846153800.0, 100000000000.0, -307692308000.0, -100000000000.0, -1.98364258e-05, 6.86645508e-06, 1.18339615e-06][38461538500.0, -13461538500.0, -153846154000.0, 53846153800.0, 155769231000.0, -75000000000.0, 8.39233398e-06, -2.0980835e-06, -53846153800.0, 46153846200.0, 13461538500.0, -11538461500.0][-11538461500.0, 13461538500.0, 46153846200.0, -53846153800.0, -75000000000.0, 155769231000.0, -2.86102295e-06, 2.86102295e-06, 53846153800.0, -153846154000.0, -13461538500.0, 38461538500.0][2.89916992e-05, -53846153800.0, -107692308000.0, 100000000000.0, 8.39233398e-06, -2.86102295e-06, 415384615000.0, -100000000000.0, -307692308000.0, 100000000000.0, 8.34789262e-06, -46153846200.0][-46153846200.0, 9.15527344e-06, 100000000000.0, -307692308000.0, -2.0980835e-06, 2.86102295e-06, -100000000000.0, 415384615000.0, 100000000000.0, -107692308000.0, -53846153800.0, 1.04171775e-06][-1.83105469e-05, -2.61035496e-06, 1.83105469e-05, -100000000000.0, -53846153800.0, 53846153800.0, -307692308000.0, 100000000000.0, 415384615000.0, -100000000000.0, -53846153800.0, 46153846200.0][-2.20128849e-06, -6.86645508e-06, -100000000000.0, -1.98364258e-05, 46153846200.0, -153846154000.0, 100000000000.0, -107692308000.0, -100000000000.0, 415384615000.0, 53846153800.0, -153846154000.0][5.92923063e-22, 13461538500.0, -6.95670793e-07, 6.86645508e-06, 13461538500.0, -13461538500.0, 8.34789262e-06, -53846153800.0, -53846153800.0, 53846153800.0, 40384615400.0, -2.60902411e-06][11538461500.0, 2.54109884e-22, 4.57763672e-06, 1.18339615e-06, -11538461500.0, 38461538500.0, -46153846200.0, 1.04171775e-06, 46153846200.0, -153846154000.0, -2.60902411e-06, 115384615000.0]

Element number 17------------------------------------------------------------------------------------------------------------------------------------------------------
