
Element number 1------------------------------------------------------------------------------------------------------------------------------------------------------
[115384615000.0, 0.0, -153846154000.0, 46153846200.0, 38461538500.0, -11538461500.0, -1.52587891e-05, -46153846200.0, 1.52587891e-05, 1.71148828e-07, 0.0, 11538461500.0][0.0, 40384615400.0, 53846153800.0, -53846153800.0, -13461538500.0, 13461538500.0, -53846153800.0, -2.38418579e-06, 3.37296203e-07, 2.38418579e-06, 13461538500.0, 0.0][-153846154000.0, 53846153800.0, 415384615000.0, -100000000000.0, -153846154000.0, 46153846200.0, -107692308000.0, 100000000000.0, -5.7220459e-06, -100000000000.0, -4.28461996e-07, -7.15255737e-07][46153846200.0, -53846153800.0, -100000000000.0, 415384615000.0, 53846153800.0, -53846153800.0, 100000000000.0, -307692308000.0, -100000000000.0, -4.76837158e-06, -4.76837158e-07, 4.21506328e-06][38461538500.0, -13461538500.0, -153846154000.0, 53846153800.0, 155769231000.0, -75000000000.0, -2.38418579e-06, 2.38418579e-07, -53846153800.0, 46153846200.0, 13461538500.0, -11538461500.0][-11538461500.0, 13461538500.0, 46153846200.0, -53846153800.0, -75000000000.0, 155769231000.0, -4.76837158e-07, 2.86102295e-06, 53846153800.0, -153846154000.0, -13461538500.0, 38461538500.0][-1.52587891e-05, -53846153800.0, -107692308000.0, 100000000000.0, -2.38418579e-06, -4.76837158e-07, 415384615000.0, -100000000000.0, -307692308000.0, 100000000000.0, 4.28461996e-07, -46153846200.0][-46153846200.0, -2.38418579e-06, 100000000000.0, -307692308000.0, 2.38418579e-07, 2.86102295e-06, -100000000000.0, 415384615000.0, 100000000000.0, -107692308000.0, -53846153800.0, -4.21506328e-06][1.52587891e-05, 3.37296203e-07, -5.7220459e-06, -100000000000.0, -53846153800.0, 53846153800.0, -307692308000.0, 100000000000.0, 415384615000.0, -100000000000.0, -53846153800.0, 46153846200.0][1.71148828e-07, 2.38418579e-06, -100000000000.0, -4.76837158e-06, 46153846200.0, -153846154000.0, 100000000000.0, -107692308000.0, -100000000000.0, 415384615000.0, 53846153800.0, -153846154000.0][0.0, 13461538500.0, -4.28461996e-07, -4.76837158e-07, 13461538500.0, -13461538500.0, 4.28461996e-07, -53846153800.0, -53846153800.0, 53846153800.0, 40384615400.0, 0.0][11538461500.0, 0.0, -7.15255737e-07, 4.21506328e-06, -11538461500.0, 38461538500.0, -46153846200.0, -4.21506328e-06, 46153846200.0, -153846154000.0, 0.0, 115384615000.0]

Element number 2------------------------------------------------------------------------------------------------------------------------------------------------------
[115384615000.0, 0.0, -153846154000.0, 46153846200.0, 38461538500.0, -11538461500.0, -1.52587891e-05, -46153846200.0, 1.52587891e-05, 1.71148828e-07, 0.0, 11538461500.0][0.0, 40384615400.0, 53846153800.0, -53846153800.0, -13461538500.0, 13461538500.0, -53846153800.0, -2.38418579e-06, 3.37296203e-07, 2.38418579e-06, 13461538500.0, 0.0][-153846154000.0, 53846153800.0, 415384615000.0, -100000000000.0, -153846154000.0, 46153846200.0, -107692308000.0, 100000000000.0, -5.7220459e-06, -100000000000.0, -4.28461996e-07, -7.15255737e-07][46153846200.0, -53846153800.0, -100000000000.0, 415384615000.0, 53846153800.0, -53846153800.0, 100000000000.0, -307692308000.0, -100000000000.0, -4.76837158e-06, -4.76837158e-07, 4.21506328e-06][38461538500.0, -13461538500.0, -153846154000.0, 53846153800.0, 155769231000.0, -75000000000.0, -2.38418579e-06, 2.38418579e-07, -53846153800.0, 46153846200.0, 13461538500.0, -11538461500.0][-11538461500.0, 13461538500.0, 46153846200.0, -53846153800.0, -75000000000.0, 155769231000.0, -4.76837158e-07, 2.86102295e-06, 53846153800.0, -153846154000.0, -13461538500.0, 38461538500.0][-1.52587891e-05, -53846153800.0, -107692308000.0, 100000000000.0, -2.38418579e-06, -4.76837158e-07, 415384615000.0, -100000000000.0, -307692308000.0, 100000000000.0, 4.28461996e-07, -46153846200.0][-46153846200.0, -2.38418579e-06, 100000000000.0, -307692308000.0, 2.38418579e-07, 2.86102295e-06, -100000000000.0, 415384615000.0, 100000000000.0, -107692308000.0, -53846153800.0, -4.21506328e-06][1.52587891e-05, 3.37296203e-07, -5.7220459e-06, -100000000000.0, -53846153800.0, 53846153800.0, -307692308000.0, 100000000000.0, 415384615000.0, -100000000000.0, -53846153800.0, 46153846200.0][1.71148828e-07, 2.38418579e-06, -100000000000.0, -4.76837158e-06, 46153846200.0, -153846154000.0, 100000000000.0, -107692308000.0, -100000000000.0, 415384615000.0, 53846153800.0, -153846154000.0][0.0, 13461538500.0, -4.28461996e-07, -4.76837158e-07, 13461538500.0, -13461538500.0, 4.28461996e-07, -53846153800.0, -53846153800.0, 53846153800.0, 40384615400.0, 0.0][11538461500.0, 0.0, -7.15255737e-07, 4.21506328e-06, -11538461500.0, 38461538500.0, -46153846200.0, -4.21506328e-06, 46153846200.0, -153846154000.0, 0.0, 115384615000.0]

Element number 3------------------------------------------------------------------------------------------------------------------------------------------------------
[115384615000.0, 0.0, -153846154000.0, 46153846200.0, 38461538500.0, -11538461500.0, -1.52587891e-05, -46153846200.0, 1.52587891e-05, 1.71148828e-07, 0.0, 11538461500.0][0.0, 40384615400.0, 53846153800.0, -53846153800.0, -13461538500.0, 13461538500.0, -53846153800.0, -2.38418579e-06, 3.37296203e-07, 2.38418579e-06, 13461538500.0, 0.0][-153846154000.0, 53846153800.0, 415384615000.0, -100000000000.0, -153846154000.0, 46153846200.0, -107692308000.0, 100000000000.0, -5.7220459e-06, -100000000000.0, -4.28461996e-07, -7.15255737e-07][46153846200.0, -53846153800.0, -100000000000.0, 415384615000.0, 53846153800.0, -53846153800.0, 100000000000.0, -307692308000.0, -100000000000.0, -4.76837158e-06, -4.76837158e-07, 4.21506328e-06][38461538500.0, -13461538500.0, -153846154000.0, 53846153800.0, 155769231000.0, -75000000000.0, -2.38418579e-06, 2.38418579e-07, -53846153800.0, 46153846200.0, 13461538500.0, -11538461500.0][-11538461500.0, 13461538500.0, 46153846200.0, -53846153800.0, -75000000000.0, 155769231000.0, -4.76837158e-07, 2.86102295e-06, 53846153800.0, -153846154000.0, -13461538500.0, 38461538500.0][-1.52587891e-05, -53846153800.0, -107692308000.0, 100000000000.0, -2.38418579e-06, -4.76837158e-07, 415384615000.0, -100000000000.0, -307692308000.0, 100000000000.0, 4.28461996e-07, -46153846200.0][-46153846200.0, -2.38418579e-06, 100000000000.0, -307692308000.0, 2.38418579e-07, 2.86102295e-06, -100000000000.0, 415384615000.0, 100000000000.0, -107692308000.0, -53846153800.0, -4.21506328e-06][1.52587891e-05, 3.37296203e-07, -5.7220459e-06, -100000000000.0, -53846153800.0, 53846153800.0, -307692308000.0, 100000000000.0, 415384615000.0, -100000000000.0, -53846153800.0, 46153846200.0][1.71148828e-07, 2.38418579e-06, -100000000000.0, -4.76837158e-06, 46153846200.0, -153846154000.0, 100000000000.0, -107692308000.0, -100000000000.0, 415384615000.0, 53846153800.0, -153846154000.0][0.0, 13461538500.0, -4.28461996e-07, -4.76837158e-07, 13461538500.0, -13461538500.0, 4.28461996e-07, -53846153800.0, -53846153800.0, 53846153800.0, 40384615400.0, 0.0][11538461500.0, 0.0, -7.15255737e-07, 4.21506328e-06, -11538461500.0, 38461538500.0, -46153846200.0, -4.21506328e-06, 46153846200.0, -153846154000.0, 0.0, 115384615000.0]

Element number 4------------------------------------------------------------------------------------------------------------------------------------------------------
[115384615000.0, 0.0, -153846154000.0, 46153846200.0, 38461538500.0, -11538461500.0, -1.52587891e-05, -46153846200.0, 1.52587891e-05, 1.71148828e-07, 0.0, 11538461500.0][0.0, 40384615400.0, 53846153800.0, -53846153800.0, -13461538500.0, 13461538500.0, -53846153800.0, -2.38418579e-06, 3.37296203e-07, 2.38418579e-06, 13461538500.0, 0.0][-153846154000.0, 53846153800.0, 415384615000.0, -100000000000.0, -153846154000.0, 46153846200.0, -107692308000.0, 100000000000.0, -5.7220459e-06, -100000000000.0, -4.28461996e-07, -7.15255737e-07][46153846200.0, -53846153800.0, -100000000000.0, 415384615000.0, 53846153800.0, -53846153800.0, 100000000000.0, -307692308000.0, -100000000000.0, -4.76837158e-06, -4.76837158e-07, 4.21506328e-06][38461538500.0, -13461538500.0, -153846154000.0, 53846153800.0, 155769231000.0, -75000000000.0, -2.38418579e-06, 2.38418579e-07, -53846153800.0, 46153846200.0, 13461538500.0, -11538461500.0][-11538461500.0, 13461538500.0, 46153846200.0, -53846153800.0, -75000000000.0, 155769231000.0, -4.76837158e-07, 2.86102295e-06, 53846153800.0, -153846154000.0, -13461538500.0, 38461538500.0][-1.52587891e-05, -53846153800.0, -107692308000.0, 100000000000.0, -2.38418579e-06, -4.76837158e-07, 415384615000.0, -100000000000.0, -307692308000.0, 100000000000.0, 4.28461996e-07, -46153846200.0][-46153846200.0, -2.38418579e-06, 100000000000.0, -307692308000.0, 2.38418579e-07, 2.86102295e-06, -100000000000.0, 415384615000.0, 100000000000.0, -107692308000.0, -53846153800.0, -4.21506328e-06][1.52587891e-05, 3.37296203e-07, -5.7220459e-06, -100000000000.0, -53846153800.0, 53846153800.0, -307692308000.0, 100000000000.0, 415384615000.0, -100000000000.0, -53846153800.0, 46153846200.0][1.71148828e-07, 2.38418579e-06, -100000000000.0, -4.76837158e-06, 46153846200.0, -153846154000.0, 100000000000.0, -107692308000.0, -100000000000.0, 415384615000.0, 53846153800.0, -153846154000.0][0.0, 13461538500.0, -4.28461996e-07, -4.76837158e-07, 13461538500.0, -13461538500.0, 4.28461996e-07, -53846153800.0, -53846153800.0, 53846153800.0, 40384615400.0, 0.0][11538461500.0, 0.0, -7.15255737e-07, 4.21506328e-06, -11538461500.0, 38461538500.0, -46153846200.0, -4.21506328e-06, 46153846200.0, -153846154000.0, 0.0, 115384615000.0]

Element number 5------------------------------------------------------------------------------------------------------------------------------------------------------
[40384615400.0, 0.0, -53846153800.0, 53846153800.0, 1.28822141e-06, -53846153800.0, 13461538500.0, -13461538500.0, -1.28822141e-06, -4.76837158e-07, 0.0, 13461538500.0][0.0, 115384615000.0, 46153846200.0, -153846154000.0, -46153846200.0, 5.27575223e-07, -11538461500.0, 38461538500.0, 0.0, -5.27575223e-07, 11538461500.0, 0.0][-53846153800.0, 46153846200.0, 415384615000.0, -100000000000.0, -307692308000.0, 100000000000.0, -53846153800.0, 53846153800.0, -1.14440918e-05, -100000000000.0, 5.7220459e-06, -1.61603736e-07][53846153800.0, -153846154000.0, -100000000000.0, 415384615000.0, 100000000000.0, -107692308000.0, 46153846200.0, -153846154000.0, -100000000000.0, -2.86102295e-06, -1.58836695e-07, 2.38418579e-06][1.28822141e-06, -46153846200.0, -307692308000.0, 100000000000.0, 415384615000.0, -100000000000.0, 9.53674316e-07, -2.38418579e-07, -107692308000.0, 100000000000.0, -5.7220459e-06, -53846153800.0][-53846153800.0, 5.27575223e-07, 100000000000.0, -107692308000.0, -100000000000.0, 415384615000.0, 4.76837158e-07, 2.38418579e-06, 100000000000.0, -307692308000.0, -46153846200.0, -2.38418579e-06][13461538500.0, -11538461500.0, -53846153800.0, 46153846200.0, 9.53674316e-07, 4.76837158e-07, 155769231000.0, -75000000000.0, -153846154000.0, 53846153800.0, 38461538500.0, -13461538500.0][-13461538500.0, 38461538500.0, 53846153800.0, -153846154000.0, -2.38418579e-07, 2.38418579e-06, -75000000000.0, 155769231000.0, 46153846200.0, -53846153800.0, -11538461500.0, 13461538500.0][-1.28822141e-06, 0.0, -1.14440918e-05, -100000000000.0, -107692308000.0, 100000000000.0, -153846154000.0, 46153846200.0, 415384615000.0, -100000000000.0, -153846154000.0, 53846153800.0][-4.76837158e-07, -5.27575223e-07, -100000000000.0, -2.86102295e-06, 100000000000.0, -307692308000.0, 53846153800.0, -53846153800.0, -100000000000.0, 415384615000.0, 46153846200.0, -53846153800.0][0.0, 11538461500.0, 5.7220459e-06, -1.58836695e-07, -5.7220459e-06, -46153846200.0, 38461538500.0, -11538461500.0, -153846154000.0, 46153846200.0, 115384615000.0, 0.0][13461538500.0, 0.0, -1.61603736e-07, 2.38418579e-06, -53846153800.0, -2.38418579e-06, -13461538500.0, 13461538500.0, 53846153800.0, -53846153800.0, 0.0, 40384615400.0]

Element number 6------------------------------------------------------------------------------------------------------------------------------------------------------
[40384615400.0, 0.0, -53846153800.0, 53846153800.0, 1.28822141e-06, -53846153800.0, 13461538500.0, -13461538500.0, -1.28822141e-06, -4.76837158e-07, 0.0, 13461538500.0][0.0, 115384615000.0, 46153846200.0, -153846154000.0, -46153846200.0, 5.27575223e-07, -11538461500.0, 38461538500.0, 0.0, -5.27575223e-07, 11538461500.0, 0.0][-53846153800.0, 46153846200.0, 415384615000.0, -100000000000.0, -307692308000.0, 100000000000.0, -53846153800.0, 53846153800.0, -1.14440918e-05, -100000000000.0, 5.7220459e-06, -1.61603736e-07][53846153800.0, -153846154000.0, -100000000000.0, 415384615000.0, 100000000000.0, -107692308000.0, 46153846200.0, -153846154000.0, -100000000000.0, -2.86102295e-06, -1.58836695e-07, 2.38418579e-06][1.28822141e-06, -46153846200.0, -307692308000.0, 100000000000.0, 415384615000.0, -100000000000.0, 9.53674316e-07, -2.38418579e-07, -107692308000.0, 100000000000.0, -5.7220459e-06, -53846153800.0][-53846153800.0, 5.27575223e-07, 100000000000.0, -107692308000.0, -100000000000.0, 415384615000.0, 4.76837158e-07, 2.38418579e-06, 100000000000.0, -307692308000.0, -46153846200.0, -2.38418579e-06][13461538500.0, -11538461500.0, -53846153800.0, 46153846200.0, 9.53674316e-07, 4.76837158e-07, 155769231000.0, -75000000000.0, -153846154000.0, 53846153800.0, 38461538500.0, -13461538500.0][-13461538500.0, 38461538500.0, 53846153800.0, -153846154000.0, -2.38418579e-07, 2.38418579e-06, -75000000000.0, 155769231000.0, 46153846200.0, -53846153800.0, -11538461500.0, 13461538500.0][-1.28822141e-06, 0.0, -1.14440918e-05, -100000000000.0, -107692308000.0, 100000000000.0, -153846154000.0, 46153846200.0, 415384615000.0, -100000000000.0, -153846154000.0, 53846153800.0][-4.76837158e-07, -5.27575223e-07, -100000000000.0, -2.86102295e-06, 100000000000.0, -307692308000.0, 53846153800.0, -53846153800.0, -100000000000.0, 415384615000.0, 46153846200.0, -53846153800.0][0.0, 11538461500.0, 5.7220459e-06, -1.58836695e-07, -5.7220459e-06, -46153846200.0, 38461538500.0, -11538461500.0, -153846154000.0, 46153846200.0, 115384615000.0, 0.0][13461538500.0, 0.0, -1.61603736e-07, 2.38418579e-06, -53846153800.0, -2.38418579e-06, -13461538500.0, 13461538500.0, 53846153800.0, -53846153800.0, 0.0, 40384615400.0]

Element number 7------------------------------------------------------------------------------------------------------------------------------------------------------
[40384615400.0, 0.0, -53846153800.0, 53846153800.0, 1.28822141e-06, -53846153800.0, 13461538500.0, -13461538500.0, -1.28822141e-06, -4.76837158e-07, 0.0, 13461538500.0][0.0, 115384615000.0, 46153846200.0, -153846154000.0, -46153846200.0, 5.27575223e-07, -11538461500.0, 38461538500.0, 0.0, -5.27575223e-07, 11538461500.0, 0.0][-53846153800.0, 46153846200.0, 415384615000.0, -100000000000.0, -307692308000.0, 100000000000.0, -53846153800.0, 53846153800.0, -1.14440918e-05, -100000000000.0, 5.7220459e-06, -1.61603736e-07][53846153800.0, -153846154000.0, -100000000000.0, 415384615000.0, 100000000000.0, -107692308000.0, 46153846200.0, -153846154000.0, -100000000000.0, -2.86102295e-06, -1.58836695e-07, 2.38418579e-06][1.28822141e-06, -46153846200.0, -307692308000.0, 100000000000.0, 415384615000.0, -100000000000.0, 9.53674316e-07, -2.38418579e-07, -107692308000.0, 100000000000.0, -5.7220459e-06, -53846153800.0][-53846153800.0, 5.27575223e-07, 100000000000.0, -107692308000.0, -100000000000.0, 415384615000.0, 4.76837158e-07, 2.38418579e-06, 100000000000.0, -307692308000.0, -46153846200.0, -2.38418579e-06][13461538500.0, -11538461500.0, -53846153800.0, 46153846200.0, 9.53674316e-07, 4.76837158e-07, 155769231000.0, -75000000000.0, -153846154000.0, 53846153800.0, 38461538500.0, -13461538500.0][-13461538500.0, 38461538500.0, 53846153800.0, -153846154000.0, -2.38418579e-07, 2.38418579e-06, -75000000000.0, 155769231000.0, 46153846200.0, -53846153800.0, -11538461500.0, 13461538500.0][-1.28822141e-06, 0.0, -1.14440918e-05, -100000000000.0, -107692308000.0, 100000000000.0, -153846154000.0, 46153846200.0, 415384615000.0, -100000000000.0, -153846154000.0, 53846153800.0][-4.76837158e-07, -5.27575223e-07, -100000000000.0, -2.86102295e-06, 100000000000.0, -307692308000.0, 53846153800.0, -53846153800.0, -100000000000.0, 415384615000.0, 46153846200.0, -53846153800.0][0.0, 11538461500.0, 5.7220459e-06, -1.58836695e-07, -5.7220459e-06, -46153846200.0, 38461538500.0, -11538461500.0, -153846154000.0, 46153846200.0, 115384615000.0, 0.0][13461538500.0, 0.0, -1.61603736e-07, 2.38418579e-06, -53846153800.0, -2.38418579e-06, -13461538500.0, 13461538500.0, 53846153800.0, -53846153800.0, 0.0, 40384615400.0]

Element number 8------------------------------------------------------------------------------------------------------------------------------------------------------
[40384615400.0, 0.0, -53846153800.0, 53846153800.0, 1.28822141e-06, -53846153800.0, 13461538500.0, -13461538500.0, -1.28822141e-06, -4.76837158e-07, 0.0, 13461538500.0][0.0, 115384615000.0, 46153846200.0, -153846154000.0, -46153846200.0, 5.27575223e-07, -11538461500.0, 38461538500.0, 0.0, -5.27575223e-07, 11538461500.0, 0.0][-53846153800.0, 46153846200.0, 415384615000.0, -100000000000.0, -307692308000.0, 100000000000.0, -53846153800.0, 53846153800.0, -1.14440918e-05, -100000000000.0, 5.7220459e-06, -1.61603736e-07][53846153800.0, -153846154000.0, -100000000000.0, 415384615000.0, 100000000000.0, -107692308000.0, 46153846200.0, -153846154000.0, -100000000000.0, -2.86102295e-06, -1.58836695e-07, 2.38418579e-06][1.28822141e-06, -46153846200.0, -307692308000.0, 100000000000.0, 415384615000.0, -100000000000.0, 9.53674316e-07, -2.38418579e-07, -107692308000.0, 100000000000.0, -5.7220459e-06, -53846153800.0][-53846153800.0, 5.27575223e-07, 100000000000.0, -107692308000.0, -100000000000.0, 415384615000.0, 4.76837158e-07, 2.38418579e-06, 100000000000.0, -307692308000.0, -46153846200.0, -2.38418579e-06][13461538500.0, -11538461500.0, -53846153800.0, 46153846200.0, 9.53674316e-07, 4.76837158e-07, 155769231000.0, -75000000000.0, -153846154000.0, 53846153800.0, 38461538500.0, -13461538500.0][-13461538500.0, 38461538500.0, 53846153800.0, -153846154000.0, -2.38418579e-07, 2.38418579e-06, -75000000000.0, 155769231000.0, 46153846200.0, -53846153800.0, -11538461500.0, 13461538500.0][-1.28822141e-06, 0.0, -1.14440918e-05, -100000000000.0, -107692308000.0, 100000000000.0, -153846154000.0, 46153846200.0, 415384615000.0, -100000000000.0, -153846154000.0, 53846153800.0][-4.76837158e-07, -5.27575223e-07, -100000000000.0, -2.86102295e-06, 100000000000.0, -307692308000.0, 53846153800.0, -53846153800.0, -100000000000.0, 415384615000.0, 46153846200.0, -53846153800.0][0.0, 11538461500.0, 5.7220459e-06, -1.58836695e-07, -5.7220459e-06, -46153846200.0, 38461538500.0, -11538461500.0, -153846154000.0, 46153846200.0, 115384615000.0, 0.0][13461538500.0, 0.0, -1.61603736e-07, 2.38418579e-06, -53846153800.0, -2.38418579e-06, -13461538500.0, 13461538500.0, 53846153800.0, -53846153800.0, 0.0, 40384615400.0]

Element number 9------------------------------------------------------------------------------------------------------------------------------------------------------
[115384615000.0, 0.0, -153846154000.0, 46153846200.0, 38461538500.0, -11538461500.0, -1.52587891e-05, -46153846200.0, 1.52587891e-05, 1.71148828e-07, 0.0, 11538461500.0][0.0, 40384615400.0, 53846153800.0, -53846153800.0, -13461538500.0, 13461538500.0, -53846153800.0, -2.38418579e-06, 3.37296203e-07, 2.38418579e-06, 13461538500.0, 0.0][-153846154000.0, 53846153800.0, 415384615000.0, -100000000000.0, -153846154000.0, 46153846200.0, -107692308000.0, 100000000000.0, -5.7220459e-06, -100000000000.0, -4.28461996e-07, -7.15255737e-07][46153846200.0, -53846153800.0, -100000000000.0, 415384615000.0, 53846153800.0, -53846153800.0, 100000000000.0, -307692308000.0, -100000000000.0, -4.76837158e-06, -4.76837158e-07, 4.21506328e-06][38461538500.0, -13461538500.0, -153846154000.0, 53846153800.0, 155769231000.0, -75000000000.0, -2.38418579e-06, 2.38418579e-07, -53846153800.0, 46153846200.0, 13461538500.0, -11538461500.0][-11538461500.0, 13461538500.0, 46153846200.0, -53846153800.0, -75000000000.0, 155769231000.0, -4.76837158e-07, 2.86102295e-06, 53846153800.0, -153846154000.0, -13461538500.0, 38461538500.0][-1.52587891e-05, -53846153800.0, -107692308000.0, 100000000000.0, -2.38418579e-06, -4.76837158e-07, 415384615000.0, -100000000000.0, -307692308000.0, 100000000000.0, 4.28461996e-07, -46153846200.0][-46153846200.0, -2.38418579e-06, 100000000000.0, -307692308000.0, 2.38418579e-07, 2.86102295e-06, -100000000000.0, 415384615000.0, 100000000000.0, -107692308000.0, -53846153800.0, -4.21506328e-06][1.52587891e-05, 3.37296203e-07, -5.7220459e-06, -100000000000.0, -53846153800.0, 53846153800.0, -307692308000.0, 100000000000.0, 415384615000.0, -100000000000.0, -53846153800.0, 46153846200.0][1.71148828e-07, 2.38418579e-06, -100000000000.0, -4.76837158e-06, 46153846200.0, -153846154000.0, 100000000000.0, -107692308000.0, -100000000000.0, 415384615000.0, 53846153800.0, -153846154000.0][0.0, 13461538500.0, -4.28461996e-07, -4.76837158e-07, 13461538500.0, -13461538500.0, 4.28461996e-07, -53846153800.0, -53846153800.0, 53846153800.0, 40384615400.0, 0.0][11538461500.0, 0.0, -7.15255737e-07, 4.21506328e-06, -11538461500.0, 38461538500.0, -46153846200.0, -4.21506328e-06, 46153846200.0, -153846154000.0, 0.0, 115384615000.0]

Element number 10------------------------------------------------------------------------------------------------------------------------------------------------------
[115384615000.0, 0.0, -153846154000.0, 46153846200.0, 38461538500.0, -11538461500.0, -1.52587891e-05, -46153846200.0, 1.52587891e-05, 1.71148828e-07, 0.0, 11538461500.0][0.0, 40384615400.0, 53846153800.0, -53846153800.0, -13461538500.0, 13461538500.0, -53846153800.0, -2.38418579e-06, 3.37296203e-07, 2.38418579e-06, 13461538500.0, 0.0][-153846154000.0, 53846153800.0, 415384615000.0, -100000000000.0, -153846154000.0, 46153846200.0, -107692308000.0, 100000000000.0, -5.7220459e-06, -100000000000.0, -4.28461996e-07, -7.15255737e-07][46153846200.0, -53846153800.0, -100000000000.0, 415384615000.0, 53846153800.0, -53846153800.0, 100000000000.0, -307692308000.0, -100000000000.0, -4.76837158e-06, -4.76837158e-07, 4.21506328e-06][38461538500.0, -13461538500.0, -153846154000.0, 53846153800.0, 155769231000.0, -75000000000.0, -2.38418579e-06, 2.38418579e-07, -53846153800.0, 46153846200.0, 13461538500.0, -11538461500.0][-11538461500.0, 13461538500.0, 46153846200.0, -53846153800.0, -75000000000.0, 155769231000.0, -4.76837158e-07, 2.86102295e-06, 53846153800.0, -153846154000.0, -13461538500.0, 38461538500.0][-1.52587891e-05, -53846153800.0, -107692308000.0, 100000000000.0, -2.38418579e-06, -4.76837158e-07, 415384615000.0, -100000000000.0, -307692308000.0, 100000000000.0, 4.28461996e-07, -46153846200.0][-46153846200.0, -2.38418579e-06, 100000000000.0, -307692308000.0, 2.38418579e-07, 2.86102295e-06, -100000000000.0, 415384615000.0, 100000000000.0, -107692308000.0, -53846153800.0, -4.21506328e-06][1.52587891e-05, 3.37296203e-07, -5.7220459e-06, -100000000000.0, -53846153800.0, 53846153800.0, -307692308000.0, 100000000000.0, 415384615000.0, -100000000000.0, -53846153800.0, 46153846200.0][1.71148828e-07, 2.38418579e-06, -100000000000.0, -4.76837158e-06, 46153846200.0, -153846154000.0, 100000000000.0, -107692308000.0, -100000000000.0, 415384615000.0, 53846153800.0, -153846154000.0][0.0, 13461538500.0, -4.28461996e-07, -4.76837158e-07, 13461538500.0, -13461538500.0, 4.28461996e-07, -53846153800.0, -53846153800.0, 53846153800.0, 40384615400.0, 0.0][11538461500.0, 0.0, -7.15255737e-07, 4.21506328e-06, -11538461500.0, 38461538500.0, -46153846200.0, -4.21506328e-06, 46153846200.0, -153846154000.0, 0.0, 115384615000.0]

Element number 11------------------------------------------------------------------------------------------------------------------------------------------------------
[115384615000.0, 0.0, -153846154000.0, 46153846200.0, 38461538500.0, -11538461500.0, -1.52587891e-05, -46153846200.0, 1.52587891e-05, 1.71148828e-07, 0.0, 11538461500.0][0.0, 40384615400.0, 53846153800.0, -53846153800.0, -13461538500.0, 13461538500.0, -53846153800.0, -2.38418579e-06, 3.37296203e-07, 2.38418579e-06, 13461538500.0, 0.0][-153846154000.0, 53846153800.0, 415384615000.0, -100000000000.0, -153846154000.0, 46153846200.0, -107692308000.0, 100000000000.0, -5.7220459e-06, -100000000000.0, -4.28461996e-07, -7.15255737e-07][46153846200.0, -53846153800.0, -100000000000.0, 415384615000.0, 53846153800.0, -53846153800.0, 100000000000.0, -307692308000.0, -100000000000.0, -4.76837158e-06, -4.76837158e-07, 4.21506328e-06][38461538500.0, -13461538500.0, -153846154000.0, 53846153800.0, 155769231000.0, -75000000000.0, -2.38418579e-06, 2.38418579e-07, -53846153800.0, 46153846200.0, 13461538500.0, -11538461500.0][-11538461500.0, 13461538500.0, 46153846200.0, -53846153800.0, -75000000000.0, 155769231000.0, -4.76837158e-07, 2.86102295e-06, 53846153800.0, -153846154000.0, -13461538500.0, 38461538500.0][-1.52587891e-05, -53846153800.0, -107692308000.0, 100000000000.0, -2.38418579e-06, -4.76837158e-07, 415384615000.0, -100000000000.0, -307692308000.0, 100000000000.0, 4.28461996e-07, -46153846200.0][-46153846200.0, -2.38418579e-06, 100000000000.0, -307692308000.0, 2.38418579e-07, 2.86102295e-06, -100000000000.0, 415384615000.0, 100000000000.0, -107692308000.0, -53846153800.0, -4.21506328e-06][1.52587891e-05, 3.37296203e-07, -5.7220459e-06, -100000000000.0, -53846153800.0, 53846153800.0, -307692308000.0, 100000000000.0, 415384615000.0, -100000000000.0, -53846153800.0, 46153846200.0][1.71148828e-07, 2.38418579e-06, -100000000000.0, -4.76837158e-06, 46153846200.0, -153846154000.0, 100000000000.0, -107692308000.0, -100000000000.0, 415384615000.0, 53846153800.0, -153846154000.0][0.0, 13461538500.0, -4.28461996e-07, -4.76837158e-07, 13461538500.0, -13461538500.0, 4.28461996e-07, -53846153800.0, -53846153800.0, 53846153800.0, 40384615400.0, 0.0][11538461500.0, 0.0, -7.15255737e-07, 4.21506328e-06, -11538461500.0, 38461538500.0, -46153846200.0, -4.21506328e-06, 46153846200.0, -153846154000.0, 0.0, 115384615000.0]

Element number 12------------------------------------------------------------------------------------------------------------------------------------------------------
[115384615000.0, 0.0, -153846154000.0, 46153846200.0, 38461538500.0, -11538461500.0, -1.52587891e-05, -46153846200.0, 1.52587891e-05, 1.71148828e-07, 0.0, 11538461500.0][0.0, 40384615400.0, 53846153800.0, -53846153800.0, -13461538500.0, 13461538500.0, -53846153800.0, -2.38418579e-06, 3.37296203e-07, 2.38418579e-06, 13461538500.0, 0.0][-153846154000.0, 53846153800.0, 415384615000.0, -100000000000.0, -153846154000.0, 46153846200.0, -107692308000.0, 100000000000.0, -5.7220459e-06, -100000000000.0, -4.28461996e-07, -7.15255737e-07][46153846200.0, -53846153800.0, -100000000000.0, 415384615000.0, 53846153800.0, -53846153800.0, 100000000000.0, -307692308000.0, -100000000000.0, -4.76837158e-06, -4.76837158e-07, 4.21506328e-06][38461538500.0, -13461538500.0, -153846154000.0, 53846153800.0, 155769231000.0, -75000000000.0, -2.38418579e-06, 2.38418579e-07, -53846153800.0, 46153846200.0, 13461538500.0, -11538461500.0][-11538461500.0, 13461538500.0, 46153846200.0, -53846153800.0, -75000000000.0, 155769231000.0, -4.76837158e-07, 2.86102295e-06, 53846153800.0, -153846154000.0, -13461538500.0, 38461538500.0][-1.52587891e-05, -53846153800.0, -107692308000.0, 100000000000.0, -2.38418579e-06, -4.76837158e-07, 415384615000.0, -100000000000.0, -307692308000.0, 100000000000.0, 4.28461996e-07, -46153846200.0][-46153846200.0, -2.38418579e-06, 100000000000.0, -307692308000.0, 2.38418579e-07, 2.86102295e-06, -100000000000.0, 415384615000.0, 100000000000.0, -107692308000.0, -53846153800.0, -4.21506328e-06][1.52587891e-05, 3.37296203e-07, -5.7220459e-06, -100000000000.0, -53846153800.0, 53846153800.0, -307692308000.0, 100000000000.0, 415384615000.0, -100000000000.0, -53846153800.0, 46153846200.0][1.71148828e-07, 2.38418579e-06, -100000000000.0, -4.76837158e-06, 46153846200.0, -153846154000.0, 100000000000.0, -107692308000.0, -100000000000.0, 415384615000.0, 53846153800.0, -153846154000.0][0.0, 13461538500.0, -4.28461996e-07, -4.76837158e-07, 13461538500.0, -13461538500.0, 4.28461996e-07, -53846153800.0, -53846153800.0, 53846153800.0, 40384615400.0, 0.0][11538461500.0, 0.0, -7.15255737e-07, 4.21506328e-06, -11538461500.0, 38461538500.0, -46153846200.0, -4.21506328e-06, 46153846200.0, -153846154000.0, 0.0, 115384615000.0]

Element number 13------------------------------------------------------------------------------------------------------------------------------------------------------
[40384615400.0, 0.0, -53846153800.0, 53846153800.0, 1.28822141e-06, -53846153800.0, 13461538500.0, -13461538500.0, -1.28822141e-06, -4.76837158e-07, 0.0, 13461538500.0][0.0, 115384615000.0, 46153846200.0, -153846154000.0, -46153846200.0, 5.27575223e-07, -11538461500.0, 38461538500.0, 0.0, -5.27575223e-07, 11538461500.0, 0.0][-53846153800.0, 46153846200.0, 415384615000.0, -100000000000.0, -307692308000.0, 100000000000.0, -53846153800.0, 53846153800.0, -1.14440918e-05, -100000000000.0, 5.7220459e-06, -1.61603736e-07][53846153800.0, -153846154000.0, -100000000000.0, 415384615000.0, 100000000000.0, -107692308000.0, 46153846200.0, -153846154000.0, -100000000000.0, -2.86102295e-06, -1.58836695e-07, 2.38418579e-06][1.28822141e-06, -46153846200.0, -307692308000.0, 100000000000.0, 415384615000.0, -100000000000.0, 9.53674316e-07, -2.38418579e-07, -107692308000.0, 100000000000.0, -5.7220459e-06, -53846153800.0][-53846153800.0, 5.27575223e-07, 100000000000.0, -107692308000.0, -100000000000.0, 415384615000.0, 4.76837158e-07, 2.38418579e-06, 100000000000.0, -307692308000.0, -46153846200.0, -2.38418579e-06][13461538500.0, -11538461500.0, -53846153800.0, 46153846200.0, 9.53674316e-07, 4.76837158e-07, 155769231000.0, -75000000000.0, -153846154000.0, 53846153800.0, 38461538500.0, -13461538500.0][-13461538500.0, 38461538500.0, 53846153800.0, -153846154000.0, -2.38418579e-07, 2.38418579e-06, -75000000000.0, 155769231000.0, 46153846200.0, -53846153800.0, -11538461500.0, 13461538500.0][-1.28822141e-06, 0.0, -1.14440918e-05, -100000000000.0, -107692308000.0, 100000000000.0, -153846154000.0, 46153846200.0, 415384615000.0, -100000000000.0, -153846154000.0, 53846153800.0][-4.76837158e-07, -5.27575223e-07, -100000000000.0, -2.86102295e-06, 100000000000.0, -307692308000.0, 53846153800.0, -53846153800.0, -100000000000.0, 415384615000.0, 46153846200.0, -53846153800.0][0.0, 11538461500.0, 5.7220459e-06, -1.58836695e-07, -5.7220459e-06, -46153846200.0, 38461538500.0, -11538461500.0, -153846154000.0, 46153846200.0, 115384615000.0, 0.0][13461538500.0, 0.0, -1.61603736e-07, 2.38418579e-06, -53846153800.0, -2.38418579e-06, -13461538500.0, 13461538500.0, 53846153800.0, -53846153800.0, 0.0, 40384615400.0]

Element number 14------------------------------------------------------------------------------------------------------------------------------------------------------
[40384615400.0, 0.0, -53846153800.0, 53846153800.0, 1.28822141e-06, -53846153800.0, 13461538500.0, -13461538500.0, -1.28822141e-06, -4.76837158e-07, 0.0, 13461538500.0][0.0, 115384615000.0, 46153846200.0, -153846154000.0, -46153846200.0, 5.27575223e-07, -11538461500.0, 38461538500.0, 0.0, -5.27575223e-07, 11538461500.0, 0.0][-53846153800.0, 46153846200.0, 415384615000.0, -100000000000.0, -307692308000.0, 100000000000.0, -53846153800.0, 53846153800.0, -1.14440918e-05, -100000000000.0, 5.7220459e-06, -1.61603736e-07][53846153800.0, -153846154000.0, -100000000000.0, 415384615000.0, 100000000000.0, -107692308000.0, 46153846200.0, -153846154000.0, -100000000000.0, -2.86102295e-06, -1.58836695e-07, 2.38418579e-06][1.28822141e-06, -46153846200.0, -307692308000.0, 100000000000.0, 415384615000.0, -100000000000.0, 9.53674316e-07, -2.38418579e-07, -107692308000.0, 100000000000.0, -5.7220459e-06, -53846153800.0][-53846153800.0, 5.27575223e-07, 100000000000.0, -107692308000.0, -100000000000.0, 415384615000.0, 4.76837158e-07, 2.38418579e-06, 100000000000.0, -307692308000.0, -46153846200.0, -2.38418579e-06][13461538500.0, -11538461500.0, -53846153800.0, 46153846200.0, 9.53674316e-07, 4.76837158e-07, 155769231000.0, -75000000000.0, -153846154000.0, 53846153800.0, 38461538500.0, -13461538500.0][-13461538500.0, 38461538500.0, 53846153800.0, -153846154000.0, -2.38418579e-07, 2.38418579e-06, -75000000000.0, 155769231000.0, 46153846200.0, -53846153800.0, -11538461500.0, 13461538500.0][-1.28822141e-06, 0.0, -1.14440918e-05, -100000000000.0, -107692308000.0, 100000000000.0, -153846154000.0, 46153846200.0, 415384615000.0, -100000000000.0, -153846154000.0, 53846153800.0][-4.76837158e-07, -5.27575223e-07, -100000000000.0, -2.86102295e-06, 100000000000.0, -307692308000.0, 53846153800.0, -53846153800.0, -100000000000.0, 415384615000.0, 46153846200.0, -53846153800.0][0.0, 11538461500.0, 5.7220459e-06, -1.58836695e-07, -5.7220459e-06, -46153846200.0, 38461538500.0, -11538461500.0, -153846154000.0, 46153846200.0, 115384615000.0, 0.0][13461538500.0, 0.0, -1.61603736e-07, 2.38418579e-06, -53846153800.0, -2.38418579e-06, -13461538500.0, 13461538500.0, 53846153800.0, -53846153800.0, 0.0, 40384615400.0]

Element number 15------------------------------------------------------------------------------------------------------------------------------------------------------
[40384615400.0, 0.0, -53846153800.0, 53846153800.0, 1.28822141e-06, -53846153800.0, 13461538500.0, -13461538500.0, -1.28822141e-06, -4.76837158e-07, 0.0, 13461538500.0][0.0, 115384615000.0, 46153846200.0, -153846154000.0, -46153846200.0, 5.27575223e-07, -11538461500.0, 38461538500.0, 0.0, -5.27575223e-07, 11538461500.0, 0.0][-53846153800.0, 46153846200.0, 415384615000.0, -100000000000.0, -307692308000.0, 100000000000.0, -53846153800.0, 53846153800.0, -1.14440918e-05, -100000000000.0, 5.7220459e-06, -1.61603736e-07][53846153800.0, -153846154000.0, -100000000000.0, 415384615000.0, 100000000000.0, -107692308000.0, 46153846200.0, -153846154000.0, -100000000000.0, -2.86102295e-06, -1.58836695e-07, 2.38418579e-06][1.28822141e-06, -46153846200.0, -307692308000.0, 100000000000.0, 415384615000.0, -100000000000.0, 9.53674316e-07, -2.38418579e-07, -107692308000.0, 100000000000.0, -5.7220459e-06, -53846153800.0][-53846153800.0, 5.27575223e-07, 100000000000.0, -107692308000.0, -100000000000.0, 415384615000.0, 4.76837158e-07, 2.38418579e-06, 100000000000.0, -307692308000.0, -46153846200.0, -2.38418579e-06][13461538500.0, -11538461500.0, -53846153800.0, 46153846200.0, 9.53674316e-07, 4.76837158e-07, 155769231000.0, -75000000000.0, -153846154000.0, 53846153800.0, 38461538500.0, -13461538500.0][-13461538500.0, 38461538500.0, 53846153800.0, -153846154000.0, -2.38418579e-07, 2.38418579e-06, -75000000000.0, 155769231000.0, 46153846200.0, -53846153800.0, -11538461500.0, 13461538500.0][-1.28822141e-06, 0.0, -1.14440918e-05, -100000000000.0, -107692308000.0, 100000000000.0, -153846154000.0, 46153846200.0, 415384615000.0, -100000000000.0, -153846154000.0, 53846153800.0][-4.76837158e-07, -5.27575223e-07, -100000000000.0, -2.86102295e-06, 100000000000.0, -307692308000.0, 53846153800.0, -53846153800.0, -100000000000.0, 415384615000.0, 46153846200.0, -53846153800.0][0.0, 11538461500.0, 5.7220459e-06, -1.58836695e-07, -5.7220459e-06, -46153846200.0, 38461538500.0, -11538461500.0, -153846154000.0, 46153846200.0, 115384615000.0, 0.0][13461538500.0, 0.0, -1.61603736e-07, 2.38418579e-06, -53846153800.0, -2.38418579e-06, -13461538500.0, 13461538500.0, 53846153800.0, -53846153800.0, 0.0, 40384615400.0]

Element number 16------------------------------------------------------------------------------------------------------------------------------------------------------
[40384615400.0, 0.0, -53846153800.0, 53846153800.0, 1.28822141e-06, -53846153800.0, 13461538500.0, -13461538500.0, -1.28822141e-06, -4.76837158e-07, 0.0, 13461538500.0][0.0, 115384615000.0, 46153846200.0, -153846154000.0, -46153846200.0, 5.27575223e-07, -11538461500.0, 38461538500.0, 0.0, -5.27575223e-07, 11538461500.0, 0.0][-53846153800.0, 46153846200.0, 415384615000.0, -100000000000.0, -307692308000.0, 100000000000.0, -53846153800.0, 53846153800.0, -1.14440918e-05, -100000000000.0, 5.7220459e-06, -1.61603736e-07][53846153800.0, -153846154000.0, -100000000000.0, 415384615000.0, 100000000000.0, -107692308000.0, 46153846200.0, -153846154000.0, -100000000000.0, -2.86102295e-06, -1.58836695e-07, 2.38418579e-06][1.28822141e-06, -46153846200.0, -307692308000.0, 100000000000.0, 415384615000.0, -100000000000.0, 9.53674316e-07, -2.38418579e-07, -107692308000.0, 100000000000.0, -5.7220459e-06, -53846153800.0][-53846153800.0, 5.27575223e-07, 100000000000.0, -107692308000.0, -100000000000.0, 415384615000.0, 4.76837158e-07, 2.38418579e-06, 100000000000.0, -307692308000.0, -46153846200.0, -2.38418579e-06][13461538500.0, -11538461500.0, -53846153800.0, 46153846200.0, 9.53674316e-07, 4.76837158e-07, 155769231000.0, -75000000000.0, -153846154000.0, 53846153800.0, 38461538500.0, -13461538500.0][-13461538500.0, 38461538500.0, 53846153800.0, -153846154000.0, -2.38418579e-07, 2.38418579e-06, -75000000000.0, 155769231000.0, 46153846200.0, -53846153800.0, -11538461500.0, 13461538500.0][-1.28822141e-06, 0.0, -1.14440918e-05, -100000000000.0, -107692308000.0, 100000000000.0, -153846154000.0, 46153846200.0, 415384615000.0, -100000000000.0, -153846154000.0, 53846153800.0][-4.76837158e-07, -5.27575223e-07, -100000000000.0, -2.86102295e-06, 100000000000.0, -307692308000.0, 53846153800.0, -53846153800.0, -100000000000.0, 415384615000.0, 46153846200.0, -53846153800.0][0.0, 11538461500.0, 5.7220459e-06, -1.58836695e-07, -5.7220459e-06, -46153846200.0, 38461538500.0, -11538461500.0, -153846154000.0, 46153846200.0, 115384615000.0, 0.0][13461538500.0, 0.0, -1.61603736e-07, 2.38418579e-06, -53846153800.0, -2.38418579e-06, -13461538500.0, 13461538500.0, 53846153800.0, -53846153800.0, 0.0, 40384615400.0]
