
Element number 1------------------------------------------------------------------------------------------------------------------------------------------------------
[115384615000.0, 0.0, -153846154000.0, 46153846200.0, 38461538500.0, -11538461500.0, -7.22784745e-05, -46153846200.0, 7.22784745e-05, -1.44048901e-06, -1.03092826e-22, 11538461500.0][0.0, 40384615400.0, 53846153800.0, -53846153800.0, -13461538500.0, 13461538500.0, -53846153800.0, -2.32897307e-05, -1.91188064e-06, 2.32897307e-05, 13461538500.0, -3.62218037e-23][-153846154000.0, 53846153800.0, 415384615000.0, -100000000000.0, -153846154000.0, 46153846200.0, -107692308000.0, 100000000000.0, -9.31589227e-05, -100000000000.0, 2.28896147e-06, -5.01933851e-06][46153846200.0, -53846153800.0, -100000000000.0, 415384615000.0, 53846153800.0, -53846153800.0, 100000000000.0, -307692308000.0, -100000000000.0, -3.45330489e-05, -5.62165913e-06, 1.00075075e-05][38461538500.0, -13461538500.0, -153846154000.0, 53846153800.0, 155769231000.0, -75000000000.0, -1.20464124e-05, 4.01547081e-06, -53846153800.0, 46153846200.0, 13461538500.0, -11538461500.0][-11538461500.0, 13461538500.0, 46153846200.0, -53846153800.0, -75000000000.0, 155769231000.0, 5.62165913e-06, 2.61005602e-06, 53846153800.0, -153846154000.0, -13461538500.0, 38461538500.0][-7.22784745e-05, -53846153800.0, -107692308000.0, 100000000000.0, -1.20464124e-05, 5.62165913e-06, 415384615000.0, -100000000000.0, -307692308000.0, 100000000000.0, -1.64497368e-06, -46153846200.0][-46153846200.0, -2.32897307e-05, 100000000000.0, -307692308000.0, 4.01547081e-06, 2.61005602e-06, -100000000000.0, 415384615000.0, 100000000000.0, -107692308000.0, -53846153800.0, -1.00028116e-05][7.22784745e-05, -1.91188064e-06, -9.31589227e-05, -100000000000.0, -53846153800.0, 53846153800.0, -307692308000.0, 100000000000.0, 415384615000.0, -100000000000.0, -53846153800.0, 46153846200.0][-1.44048901e-06, 2.32897307e-05, -100000000000.0, -3.45330489e-05, 46153846200.0, -153846154000.0, 100000000000.0, -107692308000.0, -100000000000.0, 415384615000.0, 53846153800.0, -153846154000.0][-1.03092826e-22, 13461538500.0, 2.28896147e-06, -5.62165913e-06, 13461538500.0, -13461538500.0, -1.64497368e-06, -53846153800.0, -53846153800.0, 53846153800.0, 40384615400.0, -1.53530236e-07][11538461500.0, -3.62218037e-23, -5.01933851e-06, 1.00075075e-05, -11538461500.0, 38461538500.0, -46153846200.0, -1.00028116e-05, 46153846200.0, -153846154000.0, -1.53530236e-07, 115384615000.0]

Element number 2------------------------------------------------------------------------------------------------------------------------------------------------------
[115384615000.0, 0.0, -153846154000.0, 46153846200.0, 38461538500.0, -11538461500.0, -7.22784745e-05, -46153846200.0, 7.22784745e-05, -1.44048901e-06, -1.03092826e-22, 11538461500.0][0.0, 40384615400.0, 53846153800.0, -53846153800.0, -13461538500.0, 13461538500.0, -53846153800.0, -2.32897307e-05, -1.91188064e-06, 2.32897307e-05, 13461538500.0, -3.62218037e-23][-153846154000.0, 53846153800.0, 415384615000.0, -100000000000.0, -153846154000.0, 46153846200.0, -107692308000.0, 100000000000.0, -9.31589227e-05, -100000000000.0, 2.28896147e-06, -5.01933851e-06][46153846200.0, -53846153800.0, -100000000000.0, 415384615000.0, 53846153800.0, -53846153800.0, 100000000000.0, -307692308000.0, -100000000000.0, -3.45330489e-05, -5.62165913e-06, 1.00075075e-05][38461538500.0, -13461538500.0, -153846154000.0, 53846153800.0, 155769231000.0, -75000000000.0, -1.20464124e-05, 4.01547081e-06, -53846153800.0, 46153846200.0, 13461538500.0, -11538461500.0][-11538461500.0, 13461538500.0, 46153846200.0, -53846153800.0, -75000000000.0, 155769231000.0, 5.62165913e-06, 2.61005602e-06, 53846153800.0, -153846154000.0, -13461538500.0, 38461538500.0][-7.22784745e-05, -53846153800.0, -107692308000.0, 100000000000.0, -1.20464124e-05, 5.62165913e-06, 415384615000.0, -100000000000.0, -307692308000.0, 100000000000.0, -1.64497368e-06, -46153846200.0][-46153846200.0, -2.32897307e-05, 100000000000.0, -307692308000.0, 4.01547081e-06, 2.61005602e-06, -100000000000.0, 415384615000.0, 100000000000.0, -107692308000.0, -53846153800.0, -1.00028116e-05][7.22784745e-05, -1.91188064e-06, -9.31589227e-05, -100000000000.0, -53846153800.0, 53846153800.0, -307692308000.0, 100000000000.0, 415384615000.0, -100000000000.0, -53846153800.0, 46153846200.0][-1.44048901e-06, 2.32897307e-05, -100000000000.0, -3.45330489e-05, 46153846200.0, -153846154000.0, 100000000000.0, -107692308000.0, -100000000000.0, 415384615000.0, 53846153800.0, -153846154000.0][-1.03092826e-22, 13461538500.0, 2.28896147e-06, -5.62165913e-06, 13461538500.0, -13461538500.0, -1.64497368e-06, -53846153800.0, -53846153800.0, 53846153800.0, 40384615400.0, -1.53530236e-07][11538461500.0, -3.62218037e-23, -5.01933851e-06, 1.00075075e-05, -11538461500.0, 38461538500.0, -46153846200.0, -1.00028116e-05, 46153846200.0, -153846154000.0, -1.53530236e-07, 115384615000.0]

Element number 3------------------------------------------------------------------------------------------------------------------------------------------------------
[115384615000.0, 0.0, -153846154000.0, 46153846200.0, 38461538500.0, -11538461500.0, -7.22784745e-05, -46153846200.0, 7.22784745e-05, -1.44048901e-06, -1.03092826e-22, 11538461500.0][0.0, 40384615400.0, 53846153800.0, -53846153800.0, -13461538500.0, 13461538500.0, -53846153800.0, -2.32897307e-05, -1.91188064e-06, 2.32897307e-05, 13461538500.0, -3.62218037e-23][-153846154000.0, 53846153800.0, 415384615000.0, -100000000000.0, -153846154000.0, 46153846200.0, -107692308000.0, 100000000000.0, -9.31589227e-05, -100000000000.0, 2.28896147e-06, -5.01933851e-06][46153846200.0, -53846153800.0, -100000000000.0, 415384615000.0, 53846153800.0, -53846153800.0, 100000000000.0, -307692308000.0, -100000000000.0, -3.45330489e-05, -5.62165913e-06, 1.00075075e-05][38461538500.0, -13461538500.0, -153846154000.0, 53846153800.0, 155769231000.0, -75000000000.0, -1.20464124e-05, 4.01547081e-06, -53846153800.0, 46153846200.0, 13461538500.0, -11538461500.0][-11538461500.0, 13461538500.0, 46153846200.0, -53846153800.0, -75000000000.0, 155769231000.0, 5.62165913e-06, 2.61005602e-06, 53846153800.0, -153846154000.0, -13461538500.0, 38461538500.0][-7.22784745e-05, -53846153800.0, -107692308000.0, 100000000000.0, -1.20464124e-05, 5.62165913e-06, 415384615000.0, -100000000000.0, -307692308000.0, 100000000000.0, -1.64497368e-06, -46153846200.0][-46153846200.0, -2.32897307e-05, 100000000000.0, -307692308000.0, 4.01547081e-06, 2.61005602e-06, -100000000000.0, 415384615000.0, 100000000000.0, -107692308000.0, -53846153800.0, -1.00028116e-05][7.22784745e-05, -1.91188064e-06, -9.31589227e-05, -100000000000.0, -53846153800.0, 53846153800.0, -307692308000.0, 100000000000.0, 415384615000.0, -100000000000.0, -53846153800.0, 46153846200.0][-1.44048901e-06, 2.32897307e-05, -100000000000.0, -3.45330489e-05, 46153846200.0, -153846154000.0, 100000000000.0, -107692308000.0, -100000000000.0, 415384615000.0, 53846153800.0, -153846154000.0][-1.03092826e-22, 13461538500.0, 2.28896147e-06, -5.62165913e-06, 13461538500.0, -13461538500.0, -1.64497368e-06, -53846153800.0, -53846153800.0, 53846153800.0, 40384615400.0, -1.53530236e-07][11538461500.0, -3.62218037e-23, -5.01933851e-06, 1.00075075e-05, -11538461500.0, 38461538500.0, -46153846200.0, -1.00028116e-05, 46153846200.0, -153846154000.0, -1.53530236e-07, 115384615000.0]

Element number 4------------------------------------------------------------------------------------------------------------------------------------------------------
[115384615000.0, 0.0, -153846154000.0, 46153846200.0, 38461538500.0, -11538461500.0, -7.22784745e-05, -46153846200.0, 7.22784745e-05, -1.44048901e-06, -1.03092826e-22, 11538461500.0][0.0, 40384615400.0, 53846153800.0, -53846153800.0, -13461538500.0, 13461538500.0, -53846153800.0, -2.32897307e-05, -1.91188064e-06, 2.32897307e-05, 13461538500.0, -3.62218037e-23][-153846154000.0, 53846153800.0, 415384615000.0, -100000000000.0, -153846154000.0, 46153846200.0, -107692308000.0, 100000000000.0, -9.31589227e-05, -100000000000.0, 2.28896147e-06, -5.01933851e-06][46153846200.0, -53846153800.0, -100000000000.0, 415384615000.0, 53846153800.0, -53846153800.0, 100000000000.0, -307692308000.0, -100000000000.0, -3.45330489e-05, -5.62165913e-06, 1.00075075e-05][38461538500.0, -13461538500.0, -153846154000.0, 53846153800.0, 155769231000.0, -75000000000.0, -1.20464124e-05, 4.01547081e-06, -53846153800.0, 46153846200.0, 13461538500.0, -11538461500.0][-11538461500.0, 13461538500.0, 46153846200.0, -53846153800.0, -75000000000.0, 155769231000.0, 5.62165913e-06, 2.61005602e-06, 53846153800.0, -153846154000.0, -13461538500.0, 38461538500.0][-7.22784745e-05, -53846153800.0, -107692308000.0, 100000000000.0, -1.20464124e-05, 5.62165913e-06, 415384615000.0, -100000000000.0, -307692308000.0, 100000000000.0, -1.64497368e-06, -46153846200.0][-46153846200.0, -2.32897307e-05, 100000000000.0, -307692308000.0, 4.01547081e-06, 2.61005602e-06, -100000000000.0, 415384615000.0, 100000000000.0, -107692308000.0, -53846153800.0, -1.00028116e-05][7.22784745e-05, -1.91188064e-06, -9.31589227e-05, -100000000000.0, -53846153800.0, 53846153800.0, -307692308000.0, 100000000000.0, 415384615000.0, -100000000000.0, -53846153800.0, 46153846200.0][-1.44048901e-06, 2.32897307e-05, -100000000000.0, -3.45330489e-05, 46153846200.0, -153846154000.0, 100000000000.0, -107692308000.0, -100000000000.0, 415384615000.0, 53846153800.0, -153846154000.0][-1.03092826e-22, 13461538500.0, 2.28896147e-06, -5.62165913e-06, 13461538500.0, -13461538500.0, -1.64497368e-06, -53846153800.0, -53846153800.0, 53846153800.0, 40384615400.0, -1.53530236e-07][11538461500.0, -3.62218037e-23, -5.01933851e-06, 1.00075075e-05, -11538461500.0, 38461538500.0, -46153846200.0, -1.00028116e-05, 46153846200.0, -153846154000.0, -1.53530236e-07, 115384615000.0]

Element number 5------------------------------------------------------------------------------------------------------------------------------------------------------
[115384615000.0, 0.0, -153846154000.0, 46153846200.0, 38461538500.0, -11538461500.0, -7.22784745e-05, -46153846200.0, 7.22784745e-05, -1.44048901e-06, -1.03092826e-22, 11538461500.0][0.0, 40384615400.0, 53846153800.0, -53846153800.0, -13461538500.0, 13461538500.0, -53846153800.0, -2.32897307e-05, -1.91188064e-06, 2.32897307e-05, 13461538500.0, -3.62218037e-23][-153846154000.0, 53846153800.0, 415384615000.0, -100000000000.0, -153846154000.0, 46153846200.0, -107692308000.0, 100000000000.0, -9.31589227e-05, -100000000000.0, 2.28896147e-06, -5.01933851e-06][46153846200.0, -53846153800.0, -100000000000.0, 415384615000.0, 53846153800.0, -53846153800.0, 100000000000.0, -307692308000.0, -100000000000.0, -3.45330489e-05, -5.62165913e-06, 1.00075075e-05][38461538500.0, -13461538500.0, -153846154000.0, 53846153800.0, 155769231000.0, -75000000000.0, -1.20464124e-05, 4.01547081e-06, -53846153800.0, 46153846200.0, 13461538500.0, -11538461500.0][-11538461500.0, 13461538500.0, 46153846200.0, -53846153800.0, -75000000000.0, 155769231000.0, 5.62165913e-06, 2.61005602e-06, 53846153800.0, -153846154000.0, -13461538500.0, 38461538500.0][-7.22784745e-05, -53846153800.0, -107692308000.0, 100000000000.0, -1.20464124e-05, 5.62165913e-06, 415384615000.0, -100000000000.0, -307692308000.0, 100000000000.0, -1.64497368e-06, -46153846200.0][-46153846200.0, -2.32897307e-05, 100000000000.0, -307692308000.0, 4.01547081e-06, 2.61005602e-06, -100000000000.0, 415384615000.0, 100000000000.0, -107692308000.0, -53846153800.0, -1.00028116e-05][7.22784745e-05, -1.91188064e-06, -9.31589227e-05, -100000000000.0, -53846153800.0, 53846153800.0, -307692308000.0, 100000000000.0, 415384615000.0, -100000000000.0, -53846153800.0, 46153846200.0][-1.44048901e-06, 2.32897307e-05, -100000000000.0, -3.45330489e-05, 46153846200.0, -153846154000.0, 100000000000.0, -107692308000.0, -100000000000.0, 415384615000.0, 53846153800.0, -153846154000.0][-1.03092826e-22, 13461538500.0, 2.28896147e-06, -5.62165913e-06, 13461538500.0, -13461538500.0, -1.64497368e-06, -53846153800.0, -53846153800.0, 53846153800.0, 40384615400.0, -1.53530236e-07][11538461500.0, -3.62218037e-23, -5.01933851e-06, 1.00075075e-05, -11538461500.0, 38461538500.0, -46153846200.0, -1.00028116e-05, 46153846200.0, -153846154000.0, -1.53530236e-07, 115384615000.0]

Element number 6------------------------------------------------------------------------------------------------------------------------------------------------------
[115384615000.0, 0.0, -153846154000.0, 46153846200.0, 38461538500.0, -11538461500.0, -7.22784745e-05, -46153846200.0, 7.22784745e-05, -1.44048901e-06, -1.03092826e-22, 11538461500.0][0.0, 40384615400.0, 53846153800.0, -53846153800.0, -13461538500.0, 13461538500.0, -53846153800.0, -2.32897307e-05, -1.91188064e-06, 2.32897307e-05, 13461538500.0, -3.62218037e-23][-153846154000.0, 53846153800.0, 415384615000.0, -100000000000.0, -153846154000.0, 46153846200.0, -107692308000.0, 100000000000.0, -9.31589227e-05, -100000000000.0, 2.28896147e-06, -5.01933851e-06][46153846200.0, -53846153800.0, -100000000000.0, 415384615000.0, 53846153800.0, -53846153800.0, 100000000000.0, -307692308000.0, -100000000000.0, -3.45330489e-05, -5.62165913e-06, 1.00075075e-05][38461538500.0, -13461538500.0, -153846154000.0, 53846153800.0, 155769231000.0, -75000000000.0, -1.20464124e-05, 4.01547081e-06, -53846153800.0, 46153846200.0, 13461538500.0, -11538461500.0][-11538461500.0, 13461538500.0, 46153846200.0, -53846153800.0, -75000000000.0, 155769231000.0, 5.62165913e-06, 2.61005602e-06, 53846153800.0, -153846154000.0, -13461538500.0, 38461538500.0][-7.22784745e-05, -53846153800.0, -107692308000.0, 100000000000.0, -1.20464124e-05, 5.62165913e-06, 415384615000.0, -100000000000.0, -307692308000.0, 100000000000.0, -1.64497368e-06, -46153846200.0][-46153846200.0, -2.32897307e-05, 100000000000.0, -307692308000.0, 4.01547081e-06, 2.61005602e-06, -100000000000.0, 415384615000.0, 100000000000.0, -107692308000.0, -53846153800.0, -1.00028116e-05][7.22784745e-05, -1.91188064e-06, -9.31589227e-05, -100000000000.0, -53846153800.0, 53846153800.0, -307692308000.0, 100000000000.0, 415384615000.0, -100000000000.0, -53846153800.0, 46153846200.0][-1.44048901e-06, 2.32897307e-05, -100000000000.0, -3.45330489e-05, 46153846200.0, -153846154000.0, 100000000000.0, -107692308000.0, -100000000000.0, 415384615000.0, 53846153800.0, -153846154000.0][-1.03092826e-22, 13461538500.0, 2.28896147e-06, -5.62165913e-06, 13461538500.0, -13461538500.0, -1.64497368e-06, -53846153800.0, -53846153800.0, 53846153800.0, 40384615400.0, -1.53530236e-07][11538461500.0, -3.62218037e-23, -5.01933851e-06, 1.00075075e-05, -11538461500.0, 38461538500.0, -46153846200.0, -1.00028116e-05, 46153846200.0, -153846154000.0, -1.53530236e-07, 115384615000.0]

Element number 7------------------------------------------------------------------------------------------------------------------------------------------------------
[115384615000.0, 0.0, -153846154000.0, 46153846200.0, 38461538500.0, -11538461500.0, -7.22784745e-05, -46153846200.0, 7.22784745e-05, -1.44048901e-06, -1.03092826e-22, 11538461500.0][0.0, 40384615400.0, 53846153800.0, -53846153800.0, -13461538500.0, 13461538500.0, -53846153800.0, -2.32897307e-05, -1.91188064e-06, 2.32897307e-05, 13461538500.0, -3.62218037e-23][-153846154000.0, 53846153800.0, 415384615000.0, -100000000000.0, -153846154000.0, 46153846200.0, -107692308000.0, 100000000000.0, -9.31589227e-05, -100000000000.0, 2.28896147e-06, -5.01933851e-06][46153846200.0, -53846153800.0, -100000000000.0, 415384615000.0, 53846153800.0, -53846153800.0, 100000000000.0, -307692308000.0, -100000000000.0, -3.45330489e-05, -5.62165913e-06, 1.00075075e-05][38461538500.0, -13461538500.0, -153846154000.0, 53846153800.0, 155769231000.0, -75000000000.0, -1.20464124e-05, 4.01547081e-06, -53846153800.0, 46153846200.0, 13461538500.0, -11538461500.0][-11538461500.0, 13461538500.0, 46153846200.0, -53846153800.0, -75000000000.0, 155769231000.0, 5.62165913e-06, 2.61005602e-06, 53846153800.0, -153846154000.0, -13461538500.0, 38461538500.0][-7.22784745e-05, -53846153800.0, -107692308000.0, 100000000000.0, -1.20464124e-05, 5.62165913e-06, 415384615000.0, -100000000000.0, -307692308000.0, 100000000000.0, -1.64497368e-06, -46153846200.0][-46153846200.0, -2.32897307e-05, 100000000000.0, -307692308000.0, 4.01547081e-06, 2.61005602e-06, -100000000000.0, 415384615000.0, 100000000000.0, -107692308000.0, -53846153800.0, -1.00028116e-05][7.22784745e-05, -1.91188064e-06, -9.31589227e-05, -100000000000.0, -53846153800.0, 53846153800.0, -307692308000.0, 100000000000.0, 415384615000.0, -100000000000.0, -53846153800.0, 46153846200.0][-1.44048901e-06, 2.32897307e-05, -100000000000.0, -3.45330489e-05, 46153846200.0, -153846154000.0, 100000000000.0, -107692308000.0, -100000000000.0, 415384615000.0, 53846153800.0, -153846154000.0][-1.03092826e-22, 13461538500.0, 2.28896147e-06, -5.62165913e-06, 13461538500.0, -13461538500.0, -1.64497368e-06, -53846153800.0, -53846153800.0, 53846153800.0, 40384615400.0, -1.53530236e-07][11538461500.0, -3.62218037e-23, -5.01933851e-06, 1.00075075e-05, -11538461500.0, 38461538500.0, -46153846200.0, -1.00028116e-05, 46153846200.0, -153846154000.0, -1.53530236e-07, 115384615000.0]

Element number 8------------------------------------------------------------------------------------------------------------------------------------------------------
[115384615000.0, 0.0, -153846154000.0, 46153846200.0, 38461538500.0, -11538461500.0, -7.22784745e-05, -46153846200.0, 7.22784745e-05, -1.44048901e-06, -1.03092826e-22, 11538461500.0][0.0, 40384615400.0, 53846153800.0, -53846153800.0, -13461538500.0, 13461538500.0, -53846153800.0, -2.32897307e-05, -1.91188064e-06, 2.32897307e-05, 13461538500.0, -3.62218037e-23][-153846154000.0, 53846153800.0, 415384615000.0, -100000000000.0, -153846154000.0, 46153846200.0, -107692308000.0, 100000000000.0, -9.31589227e-05, -100000000000.0, 2.28896147e-06, -5.01933851e-06][46153846200.0, -53846153800.0, -100000000000.0, 415384615000.0, 53846153800.0, -53846153800.0, 100000000000.0, -307692308000.0, -100000000000.0, -3.45330489e-05, -5.62165913e-06, 1.00075075e-05][38461538500.0, -13461538500.0, -153846154000.0, 53846153800.0, 155769231000.0, -75000000000.0, -1.20464124e-05, 4.01547081e-06, -53846153800.0, 46153846200.0, 13461538500.0, -11538461500.0][-11538461500.0, 13461538500.0, 46153846200.0, -53846153800.0, -75000000000.0, 155769231000.0, 5.62165913e-06, 2.61005602e-06, 53846153800.0, -153846154000.0, -13461538500.0, 38461538500.0][-7.22784745e-05, -53846153800.0, -107692308000.0, 100000000000.0, -1.20464124e-05, 5.62165913e-06, 415384615000.0, -100000000000.0, -307692308000.0, 100000000000.0, -1.64497368e-06, -46153846200.0][-46153846200.0, -2.32897307e-05, 100000000000.0, -307692308000.0, 4.01547081e-06, 2.61005602e-06, -100000000000.0, 415384615000.0, 100000000000.0, -107692308000.0, -53846153800.0, -1.00028116e-05][7.22784745e-05, -1.91188064e-06, -9.31589227e-05, -100000000000.0, -53846153800.0, 53846153800.0, -307692308000.0, 100000000000.0, 415384615000.0, -100000000000.0, -53846153800.0, 46153846200.0][-1.44048901e-06, 2.32897307e-05, -100000000000.0, -3.45330489e-05, 46153846200.0, -153846154000.0, 100000000000.0, -107692308000.0, -100000000000.0, 415384615000.0, 53846153800.0, -153846154000.0][-1.03092826e-22, 13461538500.0, 2.28896147e-06, -5.62165913e-06, 13461538500.0, -13461538500.0, -1.64497368e-06, -53846153800.0, -53846153800.0, 53846153800.0, 40384615400.0, -1.53530236e-07][11538461500.0, -3.62218037e-23, -5.01933851e-06, 1.00075075e-05, -11538461500.0, 38461538500.0, -46153846200.0, -1.00028116e-05, 46153846200.0, -153846154000.0, -1.53530236e-07, 115384615000.0]

Element number 9------------------------------------------------------------------------------------------------------------------------------------------------------
[115384615000.0, 0.0, -153846154000.0, 46153846200.0, 38461538500.0, -11538461500.0, -7.22784745e-05, -46153846200.0, 7.22784745e-05, -1.44048901e-06, -1.03092826e-22, 11538461500.0][0.0, 40384615400.0, 53846153800.0, -53846153800.0, -13461538500.0, 13461538500.0, -53846153800.0, -2.32897307e-05, -1.91188064e-06, 2.32897307e-05, 13461538500.0, -3.62218037e-23][-153846154000.0, 53846153800.0, 415384615000.0, -100000000000.0, -153846154000.0, 46153846200.0, -107692308000.0, 100000000000.0, -9.31589227e-05, -100000000000.0, 2.28896147e-06, -5.01933851e-06][46153846200.0, -53846153800.0, -100000000000.0, 415384615000.0, 53846153800.0, -53846153800.0, 100000000000.0, -307692308000.0, -100000000000.0, -3.45330489e-05, -5.62165913e-06, 1.00075075e-05][38461538500.0, -13461538500.0, -153846154000.0, 53846153800.0, 155769231000.0, -75000000000.0, -1.20464124e-05, 4.01547081e-06, -53846153800.0, 46153846200.0, 13461538500.0, -11538461500.0][-11538461500.0, 13461538500.0, 46153846200.0, -53846153800.0, -75000000000.0, 155769231000.0, 5.62165913e-06, 2.61005602e-06, 53846153800.0, -153846154000.0, -13461538500.0, 38461538500.0][-7.22784745e-05, -53846153800.0, -107692308000.0, 100000000000.0, -1.20464124e-05, 5.62165913e-06, 415384615000.0, -100000000000.0, -307692308000.0, 100000000000.0, -1.64497368e-06, -46153846200.0][-46153846200.0, -2.32897307e-05, 100000000000.0, -307692308000.0, 4.01547081e-06, 2.61005602e-06, -100000000000.0, 415384615000.0, 100000000000.0, -107692308000.0, -53846153800.0, -1.00028116e-05][7.22784745e-05, -1.91188064e-06, -9.31589227e-05, -100000000000.0, -53846153800.0, 53846153800.0, -307692308000.0, 100000000000.0, 415384615000.0, -100000000000.0, -53846153800.0, 46153846200.0][-1.44048901e-06, 2.32897307e-05, -100000000000.0, -3.45330489e-05, 46153846200.0, -153846154000.0, 100000000000.0, -107692308000.0, -100000000000.0, 415384615000.0, 53846153800.0, -153846154000.0][-1.03092826e-22, 13461538500.0, 2.28896147e-06, -5.62165913e-06, 13461538500.0, -13461538500.0, -1.64497368e-06, -53846153800.0, -53846153800.0, 53846153800.0, 40384615400.0, -1.53530236e-07][11538461500.0, -3.62218037e-23, -5.01933851e-06, 1.00075075e-05, -11538461500.0, 38461538500.0, -46153846200.0, -1.00028116e-05, 46153846200.0, -153846154000.0, -1.53530236e-07, 115384615000.0]

Element number 10------------------------------------------------------------------------------------------------------------------------------------------------------
[115384615000.0, 0.0, -153846154000.0, 46153846200.0, 38461538500.0, -11538461500.0, -7.22784745e-05, -46153846200.0, 7.22784745e-05, -1.44048901e-06, -1.03092826e-22, 11538461500.0][0.0, 40384615400.0, 53846153800.0, -53846153800.0, -13461538500.0, 13461538500.0, -53846153800.0, -2.32897307e-05, -1.91188064e-06, 2.32897307e-05, 13461538500.0, -3.62218037e-23][-153846154000.0, 53846153800.0, 415384615000.0, -100000000000.0, -153846154000.0, 46153846200.0, -107692308000.0, 100000000000.0, -9.31589227e-05, -100000000000.0, 2.28896147e-06, -5.01933851e-06][46153846200.0, -53846153800.0, -100000000000.0, 415384615000.0, 53846153800.0, -53846153800.0, 100000000000.0, -307692308000.0, -100000000000.0, -3.45330489e-05, -5.62165913e-06, 1.00075075e-05][38461538500.0, -13461538500.0, -153846154000.0, 53846153800.0, 155769231000.0, -75000000000.0, -1.20464124e-05, 4.01547081e-06, -53846153800.0, 46153846200.0, 13461538500.0, -11538461500.0][-11538461500.0, 13461538500.0, 46153846200.0, -53846153800.0, -75000000000.0, 155769231000.0, 5.62165913e-06, 2.61005602e-06, 53846153800.0, -153846154000.0, -13461538500.0, 38461538500.0][-7.22784745e-05, -53846153800.0, -107692308000.0, 100000000000.0, -1.20464124e-05, 5.62165913e-06, 415384615000.0, -100000000000.0, -307692308000.0, 100000000000.0, -1.64497368e-06, -46153846200.0][-46153846200.0, -2.32897307e-05, 100000000000.0, -307692308000.0, 4.01547081e-06, 2.61005602e-06, -100000000000.0, 415384615000.0, 100000000000.0, -107692308000.0, -53846153800.0, -1.00028116e-05][7.22784745e-05, -1.91188064e-06, -9.31589227e-05, -100000000000.0, -53846153800.0, 53846153800.0, -307692308000.0, 100000000000.0, 415384615000.0, -100000000000.0, -53846153800.0, 46153846200.0][-1.44048901e-06, 2.32897307e-05, -100000000000.0, -3.45330489e-05, 46153846200.0, -153846154000.0, 100000000000.0, -107692308000.0, -100000000000.0, 415384615000.0, 53846153800.0, -153846154000.0][-1.03092826e-22, 13461538500.0, 2.28896147e-06, -5.62165913e-06, 13461538500.0, -13461538500.0, -1.64497368e-06, -53846153800.0, -53846153800.0, 53846153800.0, 40384615400.0, -1.53530236e-07][11538461500.0, -3.62218037e-23, -5.01933851e-06, 1.00075075e-05, -11538461500.0, 38461538500.0, -46153846200.0, -1.00028116e-05, 46153846200.0, -153846154000.0, -1.53530236e-07, 115384615000.0]

Element number 11------------------------------------------------------------------------------------------------------------------------------------------------------
[115384615000.0, 0.0, -153846154000.0, 46153846200.0, 38461538500.0, -11538461500.0, -7.22784745e-05, -46153846200.0, 7.22784745e-05, -1.44048901e-06, -1.03092826e-22, 11538461500.0][0.0, 40384615400.0, 53846153800.0, -53846153800.0, -13461538500.0, 13461538500.0, -53846153800.0, -2.32897307e-05, -1.91188064e-06, 2.32897307e-05, 13461538500.0, -3.62218037e-23][-153846154000.0, 53846153800.0, 415384615000.0, -100000000000.0, -153846154000.0, 46153846200.0, -107692308000.0, 100000000000.0, -9.31589227e-05, -100000000000.0, 2.28896147e-06, -5.01933851e-06][46153846200.0, -53846153800.0, -100000000000.0, 415384615000.0, 53846153800.0, -53846153800.0, 100000000000.0, -307692308000.0, -100000000000.0, -3.45330489e-05, -5.62165913e-06, 1.00075075e-05][38461538500.0, -13461538500.0, -153846154000.0, 53846153800.0, 155769231000.0, -75000000000.0, -1.20464124e-05, 4.01547081e-06, -53846153800.0, 46153846200.0, 13461538500.0, -11538461500.0][-11538461500.0, 13461538500.0, 46153846200.0, -53846153800.0, -75000000000.0, 155769231000.0, 5.62165913e-06, 2.61005602e-06, 53846153800.0, -153846154000.0, -13461538500.0, 38461538500.0][-7.22784745e-05, -53846153800.0, -107692308000.0, 100000000000.0, -1.20464124e-05, 5.62165913e-06, 415384615000.0, -100000000000.0, -307692308000.0, 100000000000.0, -1.64497368e-06, -46153846200.0][-46153846200.0, -2.32897307e-05, 100000000000.0, -307692308000.0, 4.01547081e-06, 2.61005602e-06, -100000000000.0, 415384615000.0, 100000000000.0, -107692308000.0, -53846153800.0, -1.00028116e-05][7.22784745e-05, -1.91188064e-06, -9.31589227e-05, -100000000000.0, -53846153800.0, 53846153800.0, -307692308000.0, 100000000000.0, 415384615000.0, -100000000000.0, -53846153800.0, 46153846200.0][-1.44048901e-06, 2.32897307e-05, -100000000000.0, -3.45330489e-05, 46153846200.0, -153846154000.0, 100000000000.0, -107692308000.0, -100000000000.0, 415384615000.0, 53846153800.0, -153846154000.0][-1.03092826e-22, 13461538500.0, 2.28896147e-06, -5.62165913e-06, 13461538500.0, -13461538500.0, -1.64497368e-06, -53846153800.0, -53846153800.0, 53846153800.0, 40384615400.0, -1.53530236e-07][11538461500.0, -3.62218037e-23, -5.01933851e-06, 1.00075075e-05, -11538461500.0, 38461538500.0, -46153846200.0, -1.00028116e-05, 46153846200.0, -153846154000.0, -1.53530236e-07, 115384615000.0]

Element number 12------------------------------------------------------------------------------------------------------------------------------------------------------
[115384615000.0, 0.0, -153846154000.0, 46153846200.0, 38461538500.0, -11538461500.0, -7.22784745e-05, -46153846200.0, 7.22784745e-05, -1.44048901e-06, -1.03092826e-22, 11538461500.0][0.0, 40384615400.0, 53846153800.0, -53846153800.0, -13461538500.0, 13461538500.0, -53846153800.0, -2.32897307e-05, -1.91188064e-06, 2.32897307e-05, 13461538500.0, -3.62218037e-23][-153846154000.0, 53846153800.0, 415384615000.0, -100000000000.0, -153846154000.0, 46153846200.0, -107692308000.0, 100000000000.0, -9.31589227e-05, -100000000000.0, 2.28896147e-06, -5.01933851e-06][46153846200.0, -53846153800.0, -100000000000.0, 415384615000.0, 53846153800.0, -53846153800.0, 100000000000.0, -307692308000.0, -100000000000.0, -3.45330489e-05, -5.62165913e-06, 1.00075075e-05][38461538500.0, -13461538500.0, -153846154000.0, 53846153800.0, 155769231000.0, -75000000000.0, -1.20464124e-05, 4.01547081e-06, -53846153800.0, 46153846200.0, 13461538500.0, -11538461500.0][-11538461500.0, 13461538500.0, 46153846200.0, -53846153800.0, -75000000000.0, 155769231000.0, 5.62165913e-06, 2.61005602e-06, 53846153800.0, -153846154000.0, -13461538500.0, 38461538500.0][-7.22784745e-05, -53846153800.0, -107692308000.0, 100000000000.0, -1.20464124e-05, 5.62165913e-06, 415384615000.0, -100000000000.0, -307692308000.0, 100000000000.0, -1.64497368e-06, -46153846200.0][-46153846200.0, -2.32897307e-05, 100000000000.0, -307692308000.0, 4.01547081e-06, 2.61005602e-06, -100000000000.0, 415384615000.0, 100000000000.0, -107692308000.0, -53846153800.0, -1.00028116e-05][7.22784745e-05, -1.91188064e-06, -9.31589227e-05, -100000000000.0, -53846153800.0, 53846153800.0, -307692308000.0, 100000000000.0, 415384615000.0, -100000000000.0, -53846153800.0, 46153846200.0][-1.44048901e-06, 2.32897307e-05, -100000000000.0, -3.45330489e-05, 46153846200.0, -153846154000.0, 100000000000.0, -107692308000.0, -100000000000.0, 415384615000.0, 53846153800.0, -153846154000.0][-1.03092826e-22, 13461538500.0, 2.28896147e-06, -5.62165913e-06, 13461538500.0, -13461538500.0, -1.64497368e-06, -53846153800.0, -53846153800.0, 53846153800.0, 40384615400.0, -1.53530236e-07][11538461500.0, -3.62218037e-23, -5.01933851e-06, 1.00075075e-05, -11538461500.0, 38461538500.0, -46153846200.0, -1.00028116e-05, 46153846200.0, -153846154000.0, -1.53530236e-07, 115384615000.0]

Element number 13------------------------------------------------------------------------------------------------------------------------------------------------------
[115384615000.0, 0.0, -153846154000.0, 46153846200.0, 38461538500.0, -11538461500.0, -7.22784745e-05, -46153846200.0, 7.22784745e-05, -1.44048901e-06, -1.03092826e-22, 11538461500.0][0.0, 40384615400.0, 53846153800.0, -53846153800.0, -13461538500.0, 13461538500.0, -53846153800.0, -2.32897307e-05, -1.91188064e-06, 2.32897307e-05, 13461538500.0, -3.62218037e-23][-153846154000.0, 53846153800.0, 415384615000.0, -100000000000.0, -153846154000.0, 46153846200.0, -107692308000.0, 100000000000.0, -9.31589227e-05, -100000000000.0, 2.28896147e-06, -5.01933851e-06][46153846200.0, -53846153800.0, -100000000000.0, 415384615000.0, 53846153800.0, -53846153800.0, 100000000000.0, -307692308000.0, -100000000000.0, -3.45330489e-05, -5.62165913e-06, 1.00075075e-05][38461538500.0, -13461538500.0, -153846154000.0, 53846153800.0, 155769231000.0, -75000000000.0, -1.20464124e-05, 4.01547081e-06, -53846153800.0, 46153846200.0, 13461538500.0, -11538461500.0][-11538461500.0, 13461538500.0, 46153846200.0, -53846153800.0, -75000000000.0, 155769231000.0, 5.62165913e-06, 2.61005602e-06, 53846153800.0, -153846154000.0, -13461538500.0, 38461538500.0][-7.22784745e-05, -53846153800.0, -107692308000.0, 100000000000.0, -1.20464124e-05, 5.62165913e-06, 415384615000.0, -100000000000.0, -307692308000.0, 100000000000.0, -1.64497368e-06, -46153846200.0][-46153846200.0, -2.32897307e-05, 100000000000.0, -307692308000.0, 4.01547081e-06, 2.61005602e-06, -100000000000.0, 415384615000.0, 100000000000.0, -107692308000.0, -53846153800.0, -1.00028116e-05][7.22784745e-05, -1.91188064e-06, -9.31589227e-05, -100000000000.0, -53846153800.0, 53846153800.0, -307692308000.0, 100000000000.0, 415384615000.0, -100000000000.0, -53846153800.0, 46153846200.0][-1.44048901e-06, 2.32897307e-05, -100000000000.0, -3.45330489e-05, 46153846200.0, -153846154000.0, 100000000000.0, -107692308000.0, -100000000000.0, 415384615000.0, 53846153800.0, -153846154000.0][-1.03092826e-22, 13461538500.0, 2.28896147e-06, -5.62165913e-06, 13461538500.0, -13461538500.0, -1.64497368e-06, -53846153800.0, -53846153800.0, 53846153800.0, 40384615400.0, -1.53530236e-07][11538461500.0, -3.62218037e-23, -5.01933851e-06, 1.00075075e-05, -11538461500.0, 38461538500.0, -46153846200.0, -1.00028116e-05, 46153846200.0, -153846154000.0, -1.53530236e-07, 115384615000.0]

Element number 14------------------------------------------------------------------------------------------------------------------------------------------------------
[115384615000.0, 0.0, -153846154000.0, 46153846200.0, 38461538500.0, -11538461500.0, -7.22784745e-05, -46153846200.0, 7.22784745e-05, -1.44048901e-06, -1.03092826e-22, 11538461500.0][0.0, 40384615400.0, 53846153800.0, -53846153800.0, -13461538500.0, 13461538500.0, -53846153800.0, -2.32897307e-05, -1.91188064e-06, 2.32897307e-05, 13461538500.0, -3.62218037e-23][-153846154000.0, 53846153800.0, 415384615000.0, -100000000000.0, -153846154000.0, 46153846200.0, -107692308000.0, 100000000000.0, -9.31589227e-05, -100000000000.0, 2.28896147e-06, -5.01933851e-06][46153846200.0, -53846153800.0, -100000000000.0, 415384615000.0, 53846153800.0, -53846153800.0, 100000000000.0, -307692308000.0, -100000000000.0, -3.45330489e-05, -5.62165913e-06, 1.00075075e-05][38461538500.0, -13461538500.0, -153846154000.0, 53846153800.0, 155769231000.0, -75000000000.0, -1.20464124e-05, 4.01547081e-06, -53846153800.0, 46153846200.0, 13461538500.0, -11538461500.0][-11538461500.0, 13461538500.0, 46153846200.0, -53846153800.0, -75000000000.0, 155769231000.0, 5.62165913e-06, 2.61005602e-06, 53846153800.0, -153846154000.0, -13461538500.0, 38461538500.0][-7.22784745e-05, -53846153800.0, -107692308000.0, 100000000000.0, -1.20464124e-05, 5.62165913e-06, 415384615000.0, -100000000000.0, -307692308000.0, 100000000000.0, -1.64497368e-06, -46153846200.0][-46153846200.0, -2.32897307e-05, 100000000000.0, -307692308000.0, 4.01547081e-06, 2.61005602e-06, -100000000000.0, 415384615000.0, 100000000000.0, -107692308000.0, -53846153800.0, -1.00028116e-05][7.22784745e-05, -1.91188064e-06, -9.31589227e-05, -100000000000.0, -53846153800.0, 53846153800.0, -307692308000.0, 100000000000.0, 415384615000.0, -100000000000.0, -53846153800.0, 46153846200.0][-1.44048901e-06, 2.32897307e-05, -100000000000.0, -3.45330489e-05, 46153846200.0, -153846154000.0, 100000000000.0, -107692308000.0, -100000000000.0, 415384615000.0, 53846153800.0, -153846154000.0][-1.03092826e-22, 13461538500.0, 2.28896147e-06, -5.62165913e-06, 13461538500.0, -13461538500.0, -1.64497368e-06, -53846153800.0, -53846153800.0, 53846153800.0, 40384615400.0, -1.53530236e-07][11538461500.0, -3.62218037e-23, -5.01933851e-06, 1.00075075e-05, -11538461500.0, 38461538500.0, -46153846200.0, -1.00028116e-05, 46153846200.0, -153846154000.0, -1.53530236e-07, 115384615000.0]

Element number 15------------------------------------------------------------------------------------------------------------------------------------------------------
[115384615000.0, 0.0, -153846154000.0, 46153846200.0, 38461538500.0, -11538461500.0, -7.22784745e-05, -46153846200.0, 7.22784745e-05, -1.44048901e-06, -1.03092826e-22, 11538461500.0][0.0, 40384615400.0, 53846153800.0, -53846153800.0, -13461538500.0, 13461538500.0, -53846153800.0, -2.32897307e-05, -1.91188064e-06, 2.32897307e-05, 13461538500.0, -3.62218037e-23][-153846154000.0, 53846153800.0, 415384615000.0, -100000000000.0, -153846154000.0, 46153846200.0, -107692308000.0, 100000000000.0, -9.31589227e-05, -100000000000.0, 2.28896147e-06, -5.01933851e-06][46153846200.0, -53846153800.0, -100000000000.0, 415384615000.0, 53846153800.0, -53846153800.0, 100000000000.0, -307692308000.0, -100000000000.0, -3.45330489e-05, -5.62165913e-06, 1.00075075e-05][38461538500.0, -13461538500.0, -153846154000.0, 53846153800.0, 155769231000.0, -75000000000.0, -1.20464124e-05, 4.01547081e-06, -53846153800.0, 46153846200.0, 13461538500.0, -11538461500.0][-11538461500.0, 13461538500.0, 46153846200.0, -53846153800.0, -75000000000.0, 155769231000.0, 5.62165913e-06, 2.61005602e-06, 53846153800.0, -153846154000.0, -13461538500.0, 38461538500.0][-7.22784745e-05, -53846153800.0, -107692308000.0, 100000000000.0, -1.20464124e-05, 5.62165913e-06, 415384615000.0, -100000000000.0, -307692308000.0, 100000000000.0, -1.64497368e-06, -46153846200.0][-46153846200.0, -2.32897307e-05, 100000000000.0, -307692308000.0, 4.01547081e-06, 2.61005602e-06, -100000000000.0, 415384615000.0, 100000000000.0, -107692308000.0, -53846153800.0, -1.00028116e-05][7.22784745e-05, -1.91188064e-06, -9.31589227e-05, -100000000000.0, -53846153800.0, 53846153800.0, -307692308000.0, 100000000000.0, 415384615000.0, -100000000000.0, -53846153800.0, 46153846200.0][-1.44048901e-06, 2.32897307e-05, -100000000000.0, -3.45330489e-05, 46153846200.0, -153846154000.0, 100000000000.0, -107692308000.0, -100000000000.0, 415384615000.0, 53846153800.0, -153846154000.0][-1.03092826e-22, 13461538500.0, 2.28896147e-06, -5.62165913e-06, 13461538500.0, -13461538500.0, -1.64497368e-06, -53846153800.0, -53846153800.0, 53846153800.0, 40384615400.0, -1.53530236e-07][11538461500.0, -3.62218037e-23, -5.01933851e-06, 1.00075075e-05, -11538461500.0, 38461538500.0, -46153846200.0, -1.00028116e-05, 46153846200.0, -153846154000.0, -1.53530236e-07, 115384615000.0]

Element number 16------------------------------------------------------------------------------------------------------------------------------------------------------
[115384615000.0, 0.0, -153846154000.0, 46153846200.0, 38461538500.0, -11538461500.0, -7.22784745e-05, -46153846200.0, 7.22784745e-05, -1.44048901e-06, -1.03092826e-22, 11538461500.0][0.0, 40384615400.0, 53846153800.0, -53846153800.0, -13461538500.0, 13461538500.0, -53846153800.0, -2.32897307e-05, -1.91188064e-06, 2.32897307e-05, 13461538500.0, -3.62218037e-23][-153846154000.0, 53846153800.0, 415384615000.0, -100000000000.0, -153846154000.0, 46153846200.0, -107692308000.0, 100000000000.0, -9.31589227e-05, -100000000000.0, 2.28896147e-06, -5.01933851e-06][46153846200.0, -53846153800.0, -100000000000.0, 415384615000.0, 53846153800.0, -53846153800.0, 100000000000.0, -307692308000.0, -100000000000.0, -3.45330489e-05, -5.62165913e-06, 1.00075075e-05][38461538500.0, -13461538500.0, -153846154000.0, 53846153800.0, 155769231000.0, -75000000000.0, -1.20464124e-05, 4.01547081e-06, -53846153800.0, 46153846200.0, 13461538500.0, -11538461500.0][-11538461500.0, 13461538500.0, 46153846200.0, -53846153800.0, -75000000000.0, 155769231000.0, 5.62165913e-06, 2.61005602e-06, 53846153800.0, -153846154000.0, -13461538500.0, 38461538500.0][-7.22784745e-05, -53846153800.0, -107692308000.0, 100000000000.0, -1.20464124e-05, 5.62165913e-06, 415384615000.0, -100000000000.0, -307692308000.0, 100000000000.0, -1.64497368e-06, -46153846200.0][-46153846200.0, -2.32897307e-05, 100000000000.0, -307692308000.0, 4.01547081e-06, 2.61005602e-06, -100000000000.0, 415384615000.0, 100000000000.0, -107692308000.0, -53846153800.0, -1.00028116e-05][7.22784745e-05, -1.91188064e-06, -9.31589227e-05, -100000000000.0, -53846153800.0, 53846153800.0, -307692308000.0, 100000000000.0, 415384615000.0, -100000000000.0, -53846153800.0, 46153846200.0][-1.44048901e-06, 2.32897307e-05, -100000000000.0, -3.45330489e-05, 46153846200.0, -153846154000.0, 100000000000.0, -107692308000.0, -100000000000.0, 415384615000.0, 53846153800.0, -153846154000.0][-1.03092826e-22, 13461538500.0, 2.28896147e-06, -5.62165913e-06, 13461538500.0, -13461538500.0, -1.64497368e-06, -53846153800.0, -53846153800.0, 53846153800.0, 40384615400.0, -1.53530236e-07][11538461500.0, -3.62218037e-23, -5.01933851e-06, 1.00075075e-05, -11538461500.0, 38461538500.0, -46153846200.0, -1.00028116e-05, 46153846200.0, -153846154000.0, -1.53530236e-07, 115384615000.0]

Element number 17------------------------------------------------------------------------------------------------------------------------------------------------------
