
Element number 1------------------------------------------------------------------------------------------------------------------------------------------------------
[115384615000.0, 0.0, -153846154000.0, 46153846200.0, 38461538500.0, -11538461500.0, 2.20404731e-05, -46153846200.0, -3.56038411e-05, 1.58306226e-06, -6.11746017e-22, 11538461500.0][0.0, 40384615400.0, 53846153800.0, -53846153800.0, -13461538500.0, 13461538500.0, -53846153800.0, 4.23855252e-06, 1.86504269e-06, -8.47710503e-06, 13461538500.0, -1.17643465e-22][-153846154000.0, 53846153800.0, 415384615000.0, -100000000000.0, -153846154000.0, 46153846200.0, -107692308000.0, 100000000000.0, 4.06901042e-05, -100000000000.0, 2.29472412e-06, -1.48349338e-06][46153846200.0, -53846153800.0, -100000000000.0, 415384615000.0, 53846153800.0, -53846153800.0, 100000000000.0, -307692308000.0, -100000000000.0, 4.91672092e-05, -2.75505914e-06, 1.16006632e-06][38461538500.0, -13461538500.0, -153846154000.0, 53846153800.0, 155769231000.0, -75000000000.0, -2.45836046e-05, 6.5697564e-06, -53846153800.0, 46153846200.0, 13461538500.0, -11538461500.0][-11538461500.0, 13461538500.0, 46153846200.0, -53846153800.0, -75000000000.0, 155769231000.0, 6.99361165e-06, -6.5697564e-06, 53846153800.0, -153846154000.0, -13461538500.0, 38461538500.0][2.20404731e-05, -53846153800.0, -107692308000.0, 100000000000.0, -2.45836046e-05, 6.99361165e-06, 415384615000.0, -100000000000.0, -307692308000.0, 100000000000.0, -1.06702296e-05, -46153846200.0][-46153846200.0, 4.23855252e-06, 100000000000.0, -307692308000.0, 6.5697564e-06, -6.5697564e-06, -100000000000.0, 415384615000.0, 100000000000.0, -107692308000.0, -53846153800.0, -4.07555491e-06][-3.56038411e-05, 1.86504269e-06, 4.06901042e-05, -100000000000.0, -53846153800.0, 53846153800.0, -307692308000.0, 100000000000.0, 415384615000.0, -100000000000.0, -53846153800.0, 46153846200.0][1.58306226e-06, -8.47710503e-06, -100000000000.0, 4.91672092e-05, 46153846200.0, -153846154000.0, 100000000000.0, -107692308000.0, -100000000000.0, 415384615000.0, 53846153800.0, -153846154000.0][-6.11746017e-22, 13461538500.0, 2.29472412e-06, -2.75505914e-06, 13461538500.0, -13461538500.0, -1.06702296e-05, -53846153800.0, -53846153800.0, 53846153800.0, 40384615400.0, 2.77555756e-06][11538461500.0, -1.17643465e-22, -1.48349338e-06, 1.16006632e-06, -11538461500.0, 38461538500.0, -46153846200.0, -4.07555491e-06, 46153846200.0, -153846154000.0, 2.77555756e-06, 115384615000.0]

Element number 2------------------------------------------------------------------------------------------------------------------------------------------------------
[115384615000.0, 0.0, -153846154000.0, 46153846200.0, 38461538500.0, -11538461500.0, 2.20404731e-05, -46153846200.0, -3.56038411e-05, 1.58306226e-06, -6.11746017e-22, 11538461500.0][0.0, 40384615400.0, 53846153800.0, -53846153800.0, -13461538500.0, 13461538500.0, -53846153800.0, 4.23855252e-06, 1.86504269e-06, -8.47710503e-06, 13461538500.0, -1.17643465e-22][-153846154000.0, 53846153800.0, 415384615000.0, -100000000000.0, -153846154000.0, 46153846200.0, -107692308000.0, 100000000000.0, 4.06901042e-05, -100000000000.0, 2.29472412e-06, -1.48349338e-06][46153846200.0, -53846153800.0, -100000000000.0, 415384615000.0, 53846153800.0, -53846153800.0, 100000000000.0, -307692308000.0, -100000000000.0, 4.91672092e-05, -2.75505914e-06, 1.16006632e-06][38461538500.0, -13461538500.0, -153846154000.0, 53846153800.0, 155769231000.0, -75000000000.0, -2.45836046e-05, 6.5697564e-06, -53846153800.0, 46153846200.0, 13461538500.0, -11538461500.0][-11538461500.0, 13461538500.0, 46153846200.0, -53846153800.0, -75000000000.0, 155769231000.0, 6.99361165e-06, -6.5697564e-06, 53846153800.0, -153846154000.0, -13461538500.0, 38461538500.0][2.20404731e-05, -53846153800.0, -107692308000.0, 100000000000.0, -2.45836046e-05, 6.99361165e-06, 415384615000.0, -100000000000.0, -307692308000.0, 100000000000.0, -1.06702296e-05, -46153846200.0][-46153846200.0, 4.23855252e-06, 100000000000.0, -307692308000.0, 6.5697564e-06, -6.5697564e-06, -100000000000.0, 415384615000.0, 100000000000.0, -107692308000.0, -53846153800.0, -4.07555491e-06][-3.56038411e-05, 1.86504269e-06, 4.06901042e-05, -100000000000.0, -53846153800.0, 53846153800.0, -307692308000.0, 100000000000.0, 415384615000.0, -100000000000.0, -53846153800.0, 46153846200.0][1.58306226e-06, -8.47710503e-06, -100000000000.0, 4.91672092e-05, 46153846200.0, -153846154000.0, 100000000000.0, -107692308000.0, -100000000000.0, 415384615000.0, 53846153800.0, -153846154000.0][-6.11746017e-22, 13461538500.0, 2.29472412e-06, -2.75505914e-06, 13461538500.0, -13461538500.0, -1.06702296e-05, -53846153800.0, -53846153800.0, 53846153800.0, 40384615400.0, 2.77555756e-06][11538461500.0, -1.17643465e-22, -1.48349338e-06, 1.16006632e-06, -11538461500.0, 38461538500.0, -46153846200.0, -4.07555491e-06, 46153846200.0, -153846154000.0, 2.77555756e-06, 115384615000.0]

Element number 3------------------------------------------------------------------------------------------------------------------------------------------------------
[115384615000.0, 0.0, -153846154000.0, 46153846200.0, 38461538500.0, -11538461500.0, 2.20404731e-05, -46153846200.0, -3.56038411e-05, 1.58306226e-06, -6.11746017e-22, 11538461500.0][0.0, 40384615400.0, 53846153800.0, -53846153800.0, -13461538500.0, 13461538500.0, -53846153800.0, 4.23855252e-06, 1.86504269e-06, -8.47710503e-06, 13461538500.0, -1.17643465e-22][-153846154000.0, 53846153800.0, 415384615000.0, -100000000000.0, -153846154000.0, 46153846200.0, -107692308000.0, 100000000000.0, 4.06901042e-05, -100000000000.0, 2.29472412e-06, -1.48349338e-06][46153846200.0, -53846153800.0, -100000000000.0, 415384615000.0, 53846153800.0, -53846153800.0, 100000000000.0, -307692308000.0, -100000000000.0, 4.91672092e-05, -2.75505914e-06, 1.16006632e-06][38461538500.0, -13461538500.0, -153846154000.0, 53846153800.0, 155769231000.0, -75000000000.0, -2.45836046e-05, 6.5697564e-06, -53846153800.0, 46153846200.0, 13461538500.0, -11538461500.0][-11538461500.0, 13461538500.0, 46153846200.0, -53846153800.0, -75000000000.0, 155769231000.0, 6.99361165e-06, -6.5697564e-06, 53846153800.0, -153846154000.0, -13461538500.0, 38461538500.0][2.20404731e-05, -53846153800.0, -107692308000.0, 100000000000.0, -2.45836046e-05, 6.99361165e-06, 415384615000.0, -100000000000.0, -307692308000.0, 100000000000.0, -1.06702296e-05, -46153846200.0][-46153846200.0, 4.23855252e-06, 100000000000.0, -307692308000.0, 6.5697564e-06, -6.5697564e-06, -100000000000.0, 415384615000.0, 100000000000.0, -107692308000.0, -53846153800.0, -4.07555491e-06][-3.56038411e-05, 1.86504269e-06, 4.06901042e-05, -100000000000.0, -53846153800.0, 53846153800.0, -307692308000.0, 100000000000.0, 415384615000.0, -100000000000.0, -53846153800.0, 46153846200.0][1.58306226e-06, -8.47710503e-06, -100000000000.0, 4.91672092e-05, 46153846200.0, -153846154000.0, 100000000000.0, -107692308000.0, -100000000000.0, 415384615000.0, 53846153800.0, -153846154000.0][-6.11746017e-22, 13461538500.0, 2.29472412e-06, -2.75505914e-06, 13461538500.0, -13461538500.0, -1.06702296e-05, -53846153800.0, -53846153800.0, 53846153800.0, 40384615400.0, 2.77555756e-06][11538461500.0, -1.17643465e-22, -1.48349338e-06, 1.16006632e-06, -11538461500.0, 38461538500.0, -46153846200.0, -4.07555491e-06, 46153846200.0, -153846154000.0, 2.77555756e-06, 115384615000.0]

Element number 4------------------------------------------------------------------------------------------------------------------------------------------------------
[115384615000.0, 0.0, -153846154000.0, 46153846200.0, 38461538500.0, -11538461500.0, 2.20404731e-05, -46153846200.0, -3.56038411e-05, 1.58306226e-06, -6.11746017e-22, 11538461500.0][0.0, 40384615400.0, 53846153800.0, -53846153800.0, -13461538500.0, 13461538500.0, -53846153800.0, 4.23855252e-06, 1.86504269e-06, -8.47710503e-06, 13461538500.0, -1.17643465e-22][-153846154000.0, 53846153800.0, 415384615000.0, -100000000000.0, -153846154000.0, 46153846200.0, -107692308000.0, 100000000000.0, 4.06901042e-05, -100000000000.0, 2.29472412e-06, -1.48349338e-06][46153846200.0, -53846153800.0, -100000000000.0, 415384615000.0, 53846153800.0, -53846153800.0, 100000000000.0, -307692308000.0, -100000000000.0, 4.91672092e-05, -2.75505914e-06, 1.16006632e-06][38461538500.0, -13461538500.0, -153846154000.0, 53846153800.0, 155769231000.0, -75000000000.0, -2.45836046e-05, 6.5697564e-06, -53846153800.0, 46153846200.0, 13461538500.0, -11538461500.0][-11538461500.0, 13461538500.0, 46153846200.0, -53846153800.0, -75000000000.0, 155769231000.0, 6.99361165e-06, -6.5697564e-06, 53846153800.0, -153846154000.0, -13461538500.0, 38461538500.0][2.20404731e-05, -53846153800.0, -107692308000.0, 100000000000.0, -2.45836046e-05, 6.99361165e-06, 415384615000.0, -100000000000.0, -307692308000.0, 100000000000.0, -1.06702296e-05, -46153846200.0][-46153846200.0, 4.23855252e-06, 100000000000.0, -307692308000.0, 6.5697564e-06, -6.5697564e-06, -100000000000.0, 415384615000.0, 100000000000.0, -107692308000.0, -53846153800.0, -4.07555491e-06][-3.56038411e-05, 1.86504269e-06, 4.06901042e-05, -100000000000.0, -53846153800.0, 53846153800.0, -307692308000.0, 100000000000.0, 415384615000.0, -100000000000.0, -53846153800.0, 46153846200.0][1.58306226e-06, -8.47710503e-06, -100000000000.0, 4.91672092e-05, 46153846200.0, -153846154000.0, 100000000000.0, -107692308000.0, -100000000000.0, 415384615000.0, 53846153800.0, -153846154000.0][-6.11746017e-22, 13461538500.0, 2.29472412e-06, -2.75505914e-06, 13461538500.0, -13461538500.0, -1.06702296e-05, -53846153800.0, -53846153800.0, 53846153800.0, 40384615400.0, 2.77555756e-06][11538461500.0, -1.17643465e-22, -1.48349338e-06, 1.16006632e-06, -11538461500.0, 38461538500.0, -46153846200.0, -4.07555491e-06, 46153846200.0, -153846154000.0, 2.77555756e-06, 115384615000.0]

Element number 5------------------------------------------------------------------------------------------------------------------------------------------------------
[115384615000.0, 0.0, -153846154000.0, 46153846200.0, 38461538500.0, -11538461500.0, 2.20404731e-05, -46153846200.0, -3.56038411e-05, 1.58306226e-06, -6.11746017e-22, 11538461500.0][0.0, 40384615400.0, 53846153800.0, -53846153800.0, -13461538500.0, 13461538500.0, -53846153800.0, 4.23855252e-06, 1.86504269e-06, -8.47710503e-06, 13461538500.0, -1.17643465e-22][-153846154000.0, 53846153800.0, 415384615000.0, -100000000000.0, -153846154000.0, 46153846200.0, -107692308000.0, 100000000000.0, 4.06901042e-05, -100000000000.0, 2.29472412e-06, -1.48349338e-06][46153846200.0, -53846153800.0, -100000000000.0, 415384615000.0, 53846153800.0, -53846153800.0, 100000000000.0, -307692308000.0, -100000000000.0, 4.91672092e-05, -2.75505914e-06, 1.16006632e-06][38461538500.0, -13461538500.0, -153846154000.0, 53846153800.0, 155769231000.0, -75000000000.0, -2.45836046e-05, 6.5697564e-06, -53846153800.0, 46153846200.0, 13461538500.0, -11538461500.0][-11538461500.0, 13461538500.0, 46153846200.0, -53846153800.0, -75000000000.0, 155769231000.0, 6.99361165e-06, -6.5697564e-06, 53846153800.0, -153846154000.0, -13461538500.0, 38461538500.0][2.20404731e-05, -53846153800.0, -107692308000.0, 100000000000.0, -2.45836046e-05, 6.99361165e-06, 415384615000.0, -100000000000.0, -307692308000.0, 100000000000.0, -1.06702296e-05, -46153846200.0][-46153846200.0, 4.23855252e-06, 100000000000.0, -307692308000.0, 6.5697564e-06, -6.5697564e-06, -100000000000.0, 415384615000.0, 100000000000.0, -107692308000.0, -53846153800.0, -4.07555491e-06][-3.56038411e-05, 1.86504269e-06, 4.06901042e-05, -100000000000.0, -53846153800.0, 53846153800.0, -307692308000.0, 100000000000.0, 415384615000.0, -100000000000.0, -53846153800.0, 46153846200.0][1.58306226e-06, -8.47710503e-06, -100000000000.0, 4.91672092e-05, 46153846200.0, -153846154000.0, 100000000000.0, -107692308000.0, -100000000000.0, 415384615000.0, 53846153800.0, -153846154000.0][-6.11746017e-22, 13461538500.0, 2.29472412e-06, -2.75505914e-06, 13461538500.0, -13461538500.0, -1.06702296e-05, -53846153800.0, -53846153800.0, 53846153800.0, 40384615400.0, 2.77555756e-06][11538461500.0, -1.17643465e-22, -1.48349338e-06, 1.16006632e-06, -11538461500.0, 38461538500.0, -46153846200.0, -4.07555491e-06, 46153846200.0, -153846154000.0, 2.77555756e-06, 115384615000.0]

Element number 6------------------------------------------------------------------------------------------------------------------------------------------------------
[115384615000.0, 0.0, -153846154000.0, 46153846200.0, 38461538500.0, -11538461500.0, 2.20404731e-05, -46153846200.0, -3.56038411e-05, 1.58306226e-06, -6.11746017e-22, 11538461500.0][0.0, 40384615400.0, 53846153800.0, -53846153800.0, -13461538500.0, 13461538500.0, -53846153800.0, 4.23855252e-06, 1.86504269e-06, -8.47710503e-06, 13461538500.0, -1.17643465e-22][-153846154000.0, 53846153800.0, 415384615000.0, -100000000000.0, -153846154000.0, 46153846200.0, -107692308000.0, 100000000000.0, 4.06901042e-05, -100000000000.0, 2.29472412e-06, -1.48349338e-06][46153846200.0, -53846153800.0, -100000000000.0, 415384615000.0, 53846153800.0, -53846153800.0, 100000000000.0, -307692308000.0, -100000000000.0, 4.91672092e-05, -2.75505914e-06, 1.16006632e-06][38461538500.0, -13461538500.0, -153846154000.0, 53846153800.0, 155769231000.0, -75000000000.0, -2.45836046e-05, 6.5697564e-06, -53846153800.0, 46153846200.0, 13461538500.0, -11538461500.0][-11538461500.0, 13461538500.0, 46153846200.0, -53846153800.0, -75000000000.0, 155769231000.0, 6.99361165e-06, -6.5697564e-06, 53846153800.0, -153846154000.0, -13461538500.0, 38461538500.0][2.20404731e-05, -53846153800.0, -107692308000.0, 100000000000.0, -2.45836046e-05, 6.99361165e-06, 415384615000.0, -100000000000.0, -307692308000.0, 100000000000.0, -1.06702296e-05, -46153846200.0][-46153846200.0, 4.23855252e-06, 100000000000.0, -307692308000.0, 6.5697564e-06, -6.5697564e-06, -100000000000.0, 415384615000.0, 100000000000.0, -107692308000.0, -53846153800.0, -4.07555491e-06][-3.56038411e-05, 1.86504269e-06, 4.06901042e-05, -100000000000.0, -53846153800.0, 53846153800.0, -307692308000.0, 100000000000.0, 415384615000.0, -100000000000.0, -53846153800.0, 46153846200.0][1.58306226e-06, -8.47710503e-06, -100000000000.0, 4.91672092e-05, 46153846200.0, -153846154000.0, 100000000000.0, -107692308000.0, -100000000000.0, 415384615000.0, 53846153800.0, -153846154000.0][-6.11746017e-22, 13461538500.0, 2.29472412e-06, -2.75505914e-06, 13461538500.0, -13461538500.0, -1.06702296e-05, -53846153800.0, -53846153800.0, 53846153800.0, 40384615400.0, 2.77555756e-06][11538461500.0, -1.17643465e-22, -1.48349338e-06, 1.16006632e-06, -11538461500.0, 38461538500.0, -46153846200.0, -4.07555491e-06, 46153846200.0, -153846154000.0, 2.77555756e-06, 115384615000.0]

Element number 7------------------------------------------------------------------------------------------------------------------------------------------------------
[115384615000.0, 0.0, -153846154000.0, 46153846200.0, 38461538500.0, -11538461500.0, 2.20404731e-05, -46153846200.0, -3.56038411e-05, 1.58306226e-06, -6.11746017e-22, 11538461500.0][0.0, 40384615400.0, 53846153800.0, -53846153800.0, -13461538500.0, 13461538500.0, -53846153800.0, 4.23855252e-06, 1.86504269e-06, -8.47710503e-06, 13461538500.0, -1.17643465e-22][-153846154000.0, 53846153800.0, 415384615000.0, -100000000000.0, -153846154000.0, 46153846200.0, -107692308000.0, 100000000000.0, 4.06901042e-05, -100000000000.0, 2.29472412e-06, -1.48349338e-06][46153846200.0, -53846153800.0, -100000000000.0, 415384615000.0, 53846153800.0, -53846153800.0, 100000000000.0, -307692308000.0, -100000000000.0, 4.91672092e-05, -2.75505914e-06, 1.16006632e-06][38461538500.0, -13461538500.0, -153846154000.0, 53846153800.0, 155769231000.0, -75000000000.0, -2.45836046e-05, 6.5697564e-06, -53846153800.0, 46153846200.0, 13461538500.0, -11538461500.0][-11538461500.0, 13461538500.0, 46153846200.0, -53846153800.0, -75000000000.0, 155769231000.0, 6.99361165e-06, -6.5697564e-06, 53846153800.0, -153846154000.0, -13461538500.0, 38461538500.0][2.20404731e-05, -53846153800.0, -107692308000.0, 100000000000.0, -2.45836046e-05, 6.99361165e-06, 415384615000.0, -100000000000.0, -307692308000.0, 100000000000.0, -1.06702296e-05, -46153846200.0][-46153846200.0, 4.23855252e-06, 100000000000.0, -307692308000.0, 6.5697564e-06, -6.5697564e-06, -100000000000.0, 415384615000.0, 100000000000.0, -107692308000.0, -53846153800.0, -4.07555491e-06][-3.56038411e-05, 1.86504269e-06, 4.06901042e-05, -100000000000.0, -53846153800.0, 53846153800.0, -307692308000.0, 100000000000.0, 415384615000.0, -100000000000.0, -53846153800.0, 46153846200.0][1.58306226e-06, -8.47710503e-06, -100000000000.0, 4.91672092e-05, 46153846200.0, -153846154000.0, 100000000000.0, -107692308000.0, -100000000000.0, 415384615000.0, 53846153800.0, -153846154000.0][-6.11746017e-22, 13461538500.0, 2.29472412e-06, -2.75505914e-06, 13461538500.0, -13461538500.0, -1.06702296e-05, -53846153800.0, -53846153800.0, 53846153800.0, 40384615400.0, 2.77555756e-06][11538461500.0, -1.17643465e-22, -1.48349338e-06, 1.16006632e-06, -11538461500.0, 38461538500.0, -46153846200.0, -4.07555491e-06, 46153846200.0, -153846154000.0, 2.77555756e-06, 115384615000.0]

Element number 8------------------------------------------------------------------------------------------------------------------------------------------------------
[115384615000.0, 0.0, -153846154000.0, 46153846200.0, 38461538500.0, -11538461500.0, 2.20404731e-05, -46153846200.0, -3.56038411e-05, 1.58306226e-06, -6.11746017e-22, 11538461500.0][0.0, 40384615400.0, 53846153800.0, -53846153800.0, -13461538500.0, 13461538500.0, -53846153800.0, 4.23855252e-06, 1.86504269e-06, -8.47710503e-06, 13461538500.0, -1.17643465e-22][-153846154000.0, 53846153800.0, 415384615000.0, -100000000000.0, -153846154000.0, 46153846200.0, -107692308000.0, 100000000000.0, 4.06901042e-05, -100000000000.0, 2.29472412e-06, -1.48349338e-06][46153846200.0, -53846153800.0, -100000000000.0, 415384615000.0, 53846153800.0, -53846153800.0, 100000000000.0, -307692308000.0, -100000000000.0, 4.91672092e-05, -2.75505914e-06, 1.16006632e-06][38461538500.0, -13461538500.0, -153846154000.0, 53846153800.0, 155769231000.0, -75000000000.0, -2.45836046e-05, 6.5697564e-06, -53846153800.0, 46153846200.0, 13461538500.0, -11538461500.0][-11538461500.0, 13461538500.0, 46153846200.0, -53846153800.0, -75000000000.0, 155769231000.0, 6.99361165e-06, -6.5697564e-06, 53846153800.0, -153846154000.0, -13461538500.0, 38461538500.0][2.20404731e-05, -53846153800.0, -107692308000.0, 100000000000.0, -2.45836046e-05, 6.99361165e-06, 415384615000.0, -100000000000.0, -307692308000.0, 100000000000.0, -1.06702296e-05, -46153846200.0][-46153846200.0, 4.23855252e-06, 100000000000.0, -307692308000.0, 6.5697564e-06, -6.5697564e-06, -100000000000.0, 415384615000.0, 100000000000.0, -107692308000.0, -53846153800.0, -4.07555491e-06][-3.56038411e-05, 1.86504269e-06, 4.06901042e-05, -100000000000.0, -53846153800.0, 53846153800.0, -307692308000.0, 100000000000.0, 415384615000.0, -100000000000.0, -53846153800.0, 46153846200.0][1.58306226e-06, -8.47710503e-06, -100000000000.0, 4.91672092e-05, 46153846200.0, -153846154000.0, 100000000000.0, -107692308000.0, -100000000000.0, 415384615000.0, 53846153800.0, -153846154000.0][-6.11746017e-22, 13461538500.0, 2.29472412e-06, -2.75505914e-06, 13461538500.0, -13461538500.0, -1.06702296e-05, -53846153800.0, -53846153800.0, 53846153800.0, 40384615400.0, 2.77555756e-06][11538461500.0, -1.17643465e-22, -1.48349338e-06, 1.16006632e-06, -11538461500.0, 38461538500.0, -46153846200.0, -4.07555491e-06, 46153846200.0, -153846154000.0, 2.77555756e-06, 115384615000.0]

Element number 9------------------------------------------------------------------------------------------------------------------------------------------------------
[115384615000.0, 0.0, -153846154000.0, 46153846200.0, 38461538500.0, -11538461500.0, 2.20404731e-05, -46153846200.0, -3.56038411e-05, 1.58306226e-06, -6.11746017e-22, 11538461500.0][0.0, 40384615400.0, 53846153800.0, -53846153800.0, -13461538500.0, 13461538500.0, -53846153800.0, 4.23855252e-06, 1.86504269e-06, -8.47710503e-06, 13461538500.0, -1.17643465e-22][-153846154000.0, 53846153800.0, 415384615000.0, -100000000000.0, -153846154000.0, 46153846200.0, -107692308000.0, 100000000000.0, 4.06901042e-05, -100000000000.0, 2.29472412e-06, -1.48349338e-06][46153846200.0, -53846153800.0, -100000000000.0, 415384615000.0, 53846153800.0, -53846153800.0, 100000000000.0, -307692308000.0, -100000000000.0, 4.91672092e-05, -2.75505914e-06, 1.16006632e-06][38461538500.0, -13461538500.0, -153846154000.0, 53846153800.0, 155769231000.0, -75000000000.0, -2.45836046e-05, 6.5697564e-06, -53846153800.0, 46153846200.0, 13461538500.0, -11538461500.0][-11538461500.0, 13461538500.0, 46153846200.0, -53846153800.0, -75000000000.0, 155769231000.0, 6.99361165e-06, -6.5697564e-06, 53846153800.0, -153846154000.0, -13461538500.0, 38461538500.0][2.20404731e-05, -53846153800.0, -107692308000.0, 100000000000.0, -2.45836046e-05, 6.99361165e-06, 415384615000.0, -100000000000.0, -307692308000.0, 100000000000.0, -1.06702296e-05, -46153846200.0][-46153846200.0, 4.23855252e-06, 100000000000.0, -307692308000.0, 6.5697564e-06, -6.5697564e-06, -100000000000.0, 415384615000.0, 100000000000.0, -107692308000.0, -53846153800.0, -4.07555491e-06][-3.56038411e-05, 1.86504269e-06, 4.06901042e-05, -100000000000.0, -53846153800.0, 53846153800.0, -307692308000.0, 100000000000.0, 415384615000.0, -100000000000.0, -53846153800.0, 46153846200.0][1.58306226e-06, -8.47710503e-06, -100000000000.0, 4.91672092e-05, 46153846200.0, -153846154000.0, 100000000000.0, -107692308000.0, -100000000000.0, 415384615000.0, 53846153800.0, -153846154000.0][-6.11746017e-22, 13461538500.0, 2.29472412e-06, -2.75505914e-06, 13461538500.0, -13461538500.0, -1.06702296e-05, -53846153800.0, -53846153800.0, 53846153800.0, 40384615400.0, 2.77555756e-06][11538461500.0, -1.17643465e-22, -1.48349338e-06, 1.16006632e-06, -11538461500.0, 38461538500.0, -46153846200.0, -4.07555491e-06, 46153846200.0, -153846154000.0, 2.77555756e-06, 115384615000.0]

Element number 10------------------------------------------------------------------------------------------------------------------------------------------------------
[115384615000.0, 0.0, -153846154000.0, 46153846200.0, 38461538500.0, -11538461500.0, 2.20404731e-05, -46153846200.0, -3.56038411e-05, 1.58306226e-06, -6.11746017e-22, 11538461500.0][0.0, 40384615400.0, 53846153800.0, -53846153800.0, -13461538500.0, 13461538500.0, -53846153800.0, 4.23855252e-06, 1.86504269e-06, -8.47710503e-06, 13461538500.0, -1.17643465e-22][-153846154000.0, 53846153800.0, 415384615000.0, -100000000000.0, -153846154000.0, 46153846200.0, -107692308000.0, 100000000000.0, 4.06901042e-05, -100000000000.0, 2.29472412e-06, -1.48349338e-06][46153846200.0, -53846153800.0, -100000000000.0, 415384615000.0, 53846153800.0, -53846153800.0, 100000000000.0, -307692308000.0, -100000000000.0, 4.91672092e-05, -2.75505914e-06, 1.16006632e-06][38461538500.0, -13461538500.0, -153846154000.0, 53846153800.0, 155769231000.0, -75000000000.0, -2.45836046e-05, 6.5697564e-06, -53846153800.0, 46153846200.0, 13461538500.0, -11538461500.0][-11538461500.0, 13461538500.0, 46153846200.0, -53846153800.0, -75000000000.0, 155769231000.0, 6.99361165e-06, -6.5697564e-06, 53846153800.0, -153846154000.0, -13461538500.0, 38461538500.0][2.20404731e-05, -53846153800.0, -107692308000.0, 100000000000.0, -2.45836046e-05, 6.99361165e-06, 415384615000.0, -100000000000.0, -307692308000.0, 100000000000.0, -1.06702296e-05, -46153846200.0][-46153846200.0, 4.23855252e-06, 100000000000.0, -307692308000.0, 6.5697564e-06, -6.5697564e-06, -100000000000.0, 415384615000.0, 100000000000.0, -107692308000.0, -53846153800.0, -4.07555491e-06][-3.56038411e-05, 1.86504269e-06, 4.06901042e-05, -100000000000.0, -53846153800.0, 53846153800.0, -307692308000.0, 100000000000.0, 415384615000.0, -100000000000.0, -53846153800.0, 46153846200.0][1.58306226e-06, -8.47710503e-06, -100000000000.0, 4.91672092e-05, 46153846200.0, -153846154000.0, 100000000000.0, -107692308000.0, -100000000000.0, 415384615000.0, 53846153800.0, -153846154000.0][-6.11746017e-22, 13461538500.0, 2.29472412e-06, -2.75505914e-06, 13461538500.0, -13461538500.0, -1.06702296e-05, -53846153800.0, -53846153800.0, 53846153800.0, 40384615400.0, 2.77555756e-06][11538461500.0, -1.17643465e-22, -1.48349338e-06, 1.16006632e-06, -11538461500.0, 38461538500.0, -46153846200.0, -4.07555491e-06, 46153846200.0, -153846154000.0, 2.77555756e-06, 115384615000.0]

Element number 11------------------------------------------------------------------------------------------------------------------------------------------------------
[115384615000.0, 0.0, -153846154000.0, 46153846200.0, 38461538500.0, -11538461500.0, 2.20404731e-05, -46153846200.0, -3.56038411e-05, 1.58306226e-06, -6.11746017e-22, 11538461500.0][0.0, 40384615400.0, 53846153800.0, -53846153800.0, -13461538500.0, 13461538500.0, -53846153800.0, 4.23855252e-06, 1.86504269e-06, -8.47710503e-06, 13461538500.0, -1.17643465e-22][-153846154000.0, 53846153800.0, 415384615000.0, -100000000000.0, -153846154000.0, 46153846200.0, -107692308000.0, 100000000000.0, 4.06901042e-05, -100000000000.0, 2.29472412e-06, -1.48349338e-06][46153846200.0, -53846153800.0, -100000000000.0, 415384615000.0, 53846153800.0, -53846153800.0, 100000000000.0, -307692308000.0, -100000000000.0, 4.91672092e-05, -2.75505914e-06, 1.16006632e-06][38461538500.0, -13461538500.0, -153846154000.0, 53846153800.0, 155769231000.0, -75000000000.0, -2.45836046e-05, 6.5697564e-06, -53846153800.0, 46153846200.0, 13461538500.0, -11538461500.0][-11538461500.0, 13461538500.0, 46153846200.0, -53846153800.0, -75000000000.0, 155769231000.0, 6.99361165e-06, -6.5697564e-06, 53846153800.0, -153846154000.0, -13461538500.0, 38461538500.0][2.20404731e-05, -53846153800.0, -107692308000.0, 100000000000.0, -2.45836046e-05, 6.99361165e-06, 415384615000.0, -100000000000.0, -307692308000.0, 100000000000.0, -1.06702296e-05, -46153846200.0][-46153846200.0, 4.23855252e-06, 100000000000.0, -307692308000.0, 6.5697564e-06, -6.5697564e-06, -100000000000.0, 415384615000.0, 100000000000.0, -107692308000.0, -53846153800.0, -4.07555491e-06][-3.56038411e-05, 1.86504269e-06, 4.06901042e-05, -100000000000.0, -53846153800.0, 53846153800.0, -307692308000.0, 100000000000.0, 415384615000.0, -100000000000.0, -53846153800.0, 46153846200.0][1.58306226e-06, -8.47710503e-06, -100000000000.0, 4.91672092e-05, 46153846200.0, -153846154000.0, 100000000000.0, -107692308000.0, -100000000000.0, 415384615000.0, 53846153800.0, -153846154000.0][-6.11746017e-22, 13461538500.0, 2.29472412e-06, -2.75505914e-06, 13461538500.0, -13461538500.0, -1.06702296e-05, -53846153800.0, -53846153800.0, 53846153800.0, 40384615400.0, 2.77555756e-06][11538461500.0, -1.17643465e-22, -1.48349338e-06, 1.16006632e-06, -11538461500.0, 38461538500.0, -46153846200.0, -4.07555491e-06, 46153846200.0, -153846154000.0, 2.77555756e-06, 115384615000.0]

Element number 12------------------------------------------------------------------------------------------------------------------------------------------------------
[115384615000.0, 0.0, -153846154000.0, 46153846200.0, 38461538500.0, -11538461500.0, 2.20404731e-05, -46153846200.0, -3.56038411e-05, 1.58306226e-06, -6.11746017e-22, 11538461500.0][0.0, 40384615400.0, 53846153800.0, -53846153800.0, -13461538500.0, 13461538500.0, -53846153800.0, 4.23855252e-06, 1.86504269e-06, -8.47710503e-06, 13461538500.0, -1.17643465e-22][-153846154000.0, 53846153800.0, 415384615000.0, -100000000000.0, -153846154000.0, 46153846200.0, -107692308000.0, 100000000000.0, 4.06901042e-05, -100000000000.0, 2.29472412e-06, -1.48349338e-06][46153846200.0, -53846153800.0, -100000000000.0, 415384615000.0, 53846153800.0, -53846153800.0, 100000000000.0, -307692308000.0, -100000000000.0, 4.91672092e-05, -2.75505914e-06, 1.16006632e-06][38461538500.0, -13461538500.0, -153846154000.0, 53846153800.0, 155769231000.0, -75000000000.0, -2.45836046e-05, 6.5697564e-06, -53846153800.0, 46153846200.0, 13461538500.0, -11538461500.0][-11538461500.0, 13461538500.0, 46153846200.0, -53846153800.0, -75000000000.0, 155769231000.0, 6.99361165e-06, -6.5697564e-06, 53846153800.0, -153846154000.0, -13461538500.0, 38461538500.0][2.20404731e-05, -53846153800.0, -107692308000.0, 100000000000.0, -2.45836046e-05, 6.99361165e-06, 415384615000.0, -100000000000.0, -307692308000.0, 100000000000.0, -1.06702296e-05, -46153846200.0][-46153846200.0, 4.23855252e-06, 100000000000.0, -307692308000.0, 6.5697564e-06, -6.5697564e-06, -100000000000.0, 415384615000.0, 100000000000.0, -107692308000.0, -53846153800.0, -4.07555491e-06][-3.56038411e-05, 1.86504269e-06, 4.06901042e-05, -100000000000.0, -53846153800.0, 53846153800.0, -307692308000.0, 100000000000.0, 415384615000.0, -100000000000.0, -53846153800.0, 46153846200.0][1.58306226e-06, -8.47710503e-06, -100000000000.0, 4.91672092e-05, 46153846200.0, -153846154000.0, 100000000000.0, -107692308000.0, -100000000000.0, 415384615000.0, 53846153800.0, -153846154000.0][-6.11746017e-22, 13461538500.0, 2.29472412e-06, -2.75505914e-06, 13461538500.0, -13461538500.0, -1.06702296e-05, -53846153800.0, -53846153800.0, 53846153800.0, 40384615400.0, 2.77555756e-06][11538461500.0, -1.17643465e-22, -1.48349338e-06, 1.16006632e-06, -11538461500.0, 38461538500.0, -46153846200.0, -4.07555491e-06, 46153846200.0, -153846154000.0, 2.77555756e-06, 115384615000.0]

Element number 13------------------------------------------------------------------------------------------------------------------------------------------------------
[115384615000.0, 0.0, -153846154000.0, 46153846200.0, 38461538500.0, -11538461500.0, 2.20404731e-05, -46153846200.0, -3.56038411e-05, 1.58306226e-06, -6.11746017e-22, 11538461500.0][0.0, 40384615400.0, 53846153800.0, -53846153800.0, -13461538500.0, 13461538500.0, -53846153800.0, 4.23855252e-06, 1.86504269e-06, -8.47710503e-06, 13461538500.0, -1.17643465e-22][-153846154000.0, 53846153800.0, 415384615000.0, -100000000000.0, -153846154000.0, 46153846200.0, -107692308000.0, 100000000000.0, 4.06901042e-05, -100000000000.0, 2.29472412e-06, -1.48349338e-06][46153846200.0, -53846153800.0, -100000000000.0, 415384615000.0, 53846153800.0, -53846153800.0, 100000000000.0, -307692308000.0, -100000000000.0, 4.91672092e-05, -2.75505914e-06, 1.16006632e-06][38461538500.0, -13461538500.0, -153846154000.0, 53846153800.0, 155769231000.0, -75000000000.0, -2.45836046e-05, 6.5697564e-06, -53846153800.0, 46153846200.0, 13461538500.0, -11538461500.0][-11538461500.0, 13461538500.0, 46153846200.0, -53846153800.0, -75000000000.0, 155769231000.0, 6.99361165e-06, -6.5697564e-06, 53846153800.0, -153846154000.0, -13461538500.0, 38461538500.0][2.20404731e-05, -53846153800.0, -107692308000.0, 100000000000.0, -2.45836046e-05, 6.99361165e-06, 415384615000.0, -100000000000.0, -307692308000.0, 100000000000.0, -1.06702296e-05, -46153846200.0][-46153846200.0, 4.23855252e-06, 100000000000.0, -307692308000.0, 6.5697564e-06, -6.5697564e-06, -100000000000.0, 415384615000.0, 100000000000.0, -107692308000.0, -53846153800.0, -4.07555491e-06][-3.56038411e-05, 1.86504269e-06, 4.06901042e-05, -100000000000.0, -53846153800.0, 53846153800.0, -307692308000.0, 100000000000.0, 415384615000.0, -100000000000.0, -53846153800.0, 46153846200.0][1.58306226e-06, -8.47710503e-06, -100000000000.0, 4.91672092e-05, 46153846200.0, -153846154000.0, 100000000000.0, -107692308000.0, -100000000000.0, 415384615000.0, 53846153800.0, -153846154000.0][-6.11746017e-22, 13461538500.0, 2.29472412e-06, -2.75505914e-06, 13461538500.0, -13461538500.0, -1.06702296e-05, -53846153800.0, -53846153800.0, 53846153800.0, 40384615400.0, 2.77555756e-06][11538461500.0, -1.17643465e-22, -1.48349338e-06, 1.16006632e-06, -11538461500.0, 38461538500.0, -46153846200.0, -4.07555491e-06, 46153846200.0, -153846154000.0, 2.77555756e-06, 115384615000.0]

Element number 14------------------------------------------------------------------------------------------------------------------------------------------------------
[115384615000.0, 0.0, -153846154000.0, 46153846200.0, 38461538500.0, -11538461500.0, 2.20404731e-05, -46153846200.0, -3.56038411e-05, 1.58306226e-06, -6.11746017e-22, 11538461500.0][0.0, 40384615400.0, 53846153800.0, -53846153800.0, -13461538500.0, 13461538500.0, -53846153800.0, 4.23855252e-06, 1.86504269e-06, -8.47710503e-06, 13461538500.0, -1.17643465e-22][-153846154000.0, 53846153800.0, 415384615000.0, -100000000000.0, -153846154000.0, 46153846200.0, -107692308000.0, 100000000000.0, 4.06901042e-05, -100000000000.0, 2.29472412e-06, -1.48349338e-06][46153846200.0, -53846153800.0, -100000000000.0, 415384615000.0, 53846153800.0, -53846153800.0, 100000000000.0, -307692308000.0, -100000000000.0, 4.91672092e-05, -2.75505914e-06, 1.16006632e-06][38461538500.0, -13461538500.0, -153846154000.0, 53846153800.0, 155769231000.0, -75000000000.0, -2.45836046e-05, 6.5697564e-06, -53846153800.0, 46153846200.0, 13461538500.0, -11538461500.0][-11538461500.0, 13461538500.0, 46153846200.0, -53846153800.0, -75000000000.0, 155769231000.0, 6.99361165e-06, -6.5697564e-06, 53846153800.0, -153846154000.0, -13461538500.0, 38461538500.0][2.20404731e-05, -53846153800.0, -107692308000.0, 100000000000.0, -2.45836046e-05, 6.99361165e-06, 415384615000.0, -100000000000.0, -307692308000.0, 100000000000.0, -1.06702296e-05, -46153846200.0][-46153846200.0, 4.23855252e-06, 100000000000.0, -307692308000.0, 6.5697564e-06, -6.5697564e-06, -100000000000.0, 415384615000.0, 100000000000.0, -107692308000.0, -53846153800.0, -4.07555491e-06][-3.56038411e-05, 1.86504269e-06, 4.06901042e-05, -100000000000.0, -53846153800.0, 53846153800.0, -307692308000.0, 100000000000.0, 415384615000.0, -100000000000.0, -53846153800.0, 46153846200.0][1.58306226e-06, -8.47710503e-06, -100000000000.0, 4.91672092e-05, 46153846200.0, -153846154000.0, 100000000000.0, -107692308000.0, -100000000000.0, 415384615000.0, 53846153800.0, -153846154000.0][-6.11746017e-22, 13461538500.0, 2.29472412e-06, -2.75505914e-06, 13461538500.0, -13461538500.0, -1.06702296e-05, -53846153800.0, -53846153800.0, 53846153800.0, 40384615400.0, 2.77555756e-06][11538461500.0, -1.17643465e-22, -1.48349338e-06, 1.16006632e-06, -11538461500.0, 38461538500.0, -46153846200.0, -4.07555491e-06, 46153846200.0, -153846154000.0, 2.77555756e-06, 115384615000.0]

Element number 15------------------------------------------------------------------------------------------------------------------------------------------------------
[115384615000.0, 0.0, -153846154000.0, 46153846200.0, 38461538500.0, -11538461500.0, 2.20404731e-05, -46153846200.0, -3.56038411e-05, 1.58306226e-06, -6.11746017e-22, 11538461500.0][0.0, 40384615400.0, 53846153800.0, -53846153800.0, -13461538500.0, 13461538500.0, -53846153800.0, 4.23855252e-06, 1.86504269e-06, -8.47710503e-06, 13461538500.0, -1.17643465e-22][-153846154000.0, 53846153800.0, 415384615000.0, -100000000000.0, -153846154000.0, 46153846200.0, -107692308000.0, 100000000000.0, 4.06901042e-05, -100000000000.0, 2.29472412e-06, -1.48349338e-06][46153846200.0, -53846153800.0, -100000000000.0, 415384615000.0, 53846153800.0, -53846153800.0, 100000000000.0, -307692308000.0, -100000000000.0, 4.91672092e-05, -2.75505914e-06, 1.16006632e-06][38461538500.0, -13461538500.0, -153846154000.0, 53846153800.0, 155769231000.0, -75000000000.0, -2.45836046e-05, 6.5697564e-06, -53846153800.0, 46153846200.0, 13461538500.0, -11538461500.0][-11538461500.0, 13461538500.0, 46153846200.0, -53846153800.0, -75000000000.0, 155769231000.0, 6.99361165e-06, -6.5697564e-06, 53846153800.0, -153846154000.0, -13461538500.0, 38461538500.0][2.20404731e-05, -53846153800.0, -107692308000.0, 100000000000.0, -2.45836046e-05, 6.99361165e-06, 415384615000.0, -100000000000.0, -307692308000.0, 100000000000.0, -1.06702296e-05, -46153846200.0][-46153846200.0, 4.23855252e-06, 100000000000.0, -307692308000.0, 6.5697564e-06, -6.5697564e-06, -100000000000.0, 415384615000.0, 100000000000.0, -107692308000.0, -53846153800.0, -4.07555491e-06][-3.56038411e-05, 1.86504269e-06, 4.06901042e-05, -100000000000.0, -53846153800.0, 53846153800.0, -307692308000.0, 100000000000.0, 415384615000.0, -100000000000.0, -53846153800.0, 46153846200.0][1.58306226e-06, -8.47710503e-06, -100000000000.0, 4.91672092e-05, 46153846200.0, -153846154000.0, 100000000000.0, -107692308000.0, -100000000000.0, 415384615000.0, 53846153800.0, -153846154000.0][-6.11746017e-22, 13461538500.0, 2.29472412e-06, -2.75505914e-06, 13461538500.0, -13461538500.0, -1.06702296e-05, -53846153800.0, -53846153800.0, 53846153800.0, 40384615400.0, 2.77555756e-06][11538461500.0, -1.17643465e-22, -1.48349338e-06, 1.16006632e-06, -11538461500.0, 38461538500.0, -46153846200.0, -4.07555491e-06, 46153846200.0, -153846154000.0, 2.77555756e-06, 115384615000.0]

Element number 16------------------------------------------------------------------------------------------------------------------------------------------------------
[115384615000.0, 0.0, -153846154000.0, 46153846200.0, 38461538500.0, -11538461500.0, 2.20404731e-05, -46153846200.0, -3.56038411e-05, 1.58306226e-06, -6.11746017e-22, 11538461500.0][0.0, 40384615400.0, 53846153800.0, -53846153800.0, -13461538500.0, 13461538500.0, -53846153800.0, 4.23855252e-06, 1.86504269e-06, -8.47710503e-06, 13461538500.0, -1.17643465e-22][-153846154000.0, 53846153800.0, 415384615000.0, -100000000000.0, -153846154000.0, 46153846200.0, -107692308000.0, 100000000000.0, 4.06901042e-05, -100000000000.0, 2.29472412e-06, -1.48349338e-06][46153846200.0, -53846153800.0, -100000000000.0, 415384615000.0, 53846153800.0, -53846153800.0, 100000000000.0, -307692308000.0, -100000000000.0, 4.91672092e-05, -2.75505914e-06, 1.16006632e-06][38461538500.0, -13461538500.0, -153846154000.0, 53846153800.0, 155769231000.0, -75000000000.0, -2.45836046e-05, 6.5697564e-06, -53846153800.0, 46153846200.0, 13461538500.0, -11538461500.0][-11538461500.0, 13461538500.0, 46153846200.0, -53846153800.0, -75000000000.0, 155769231000.0, 6.99361165e-06, -6.5697564e-06, 53846153800.0, -153846154000.0, -13461538500.0, 38461538500.0][2.20404731e-05, -53846153800.0, -107692308000.0, 100000000000.0, -2.45836046e-05, 6.99361165e-06, 415384615000.0, -100000000000.0, -307692308000.0, 100000000000.0, -1.06702296e-05, -46153846200.0][-46153846200.0, 4.23855252e-06, 100000000000.0, -307692308000.0, 6.5697564e-06, -6.5697564e-06, -100000000000.0, 415384615000.0, 100000000000.0, -107692308000.0, -53846153800.0, -4.07555491e-06][-3.56038411e-05, 1.86504269e-06, 4.06901042e-05, -100000000000.0, -53846153800.0, 53846153800.0, -307692308000.0, 100000000000.0, 415384615000.0, -100000000000.0, -53846153800.0, 46153846200.0][1.58306226e-06, -8.47710503e-06, -100000000000.0, 4.91672092e-05, 46153846200.0, -153846154000.0, 100000000000.0, -107692308000.0, -100000000000.0, 415384615000.0, 53846153800.0, -153846154000.0][-6.11746017e-22, 13461538500.0, 2.29472412e-06, -2.75505914e-06, 13461538500.0, -13461538500.0, -1.06702296e-05, -53846153800.0, -53846153800.0, 53846153800.0, 40384615400.0, 2.77555756e-06][11538461500.0, -1.17643465e-22, -1.48349338e-06, 1.16006632e-06, -11538461500.0, 38461538500.0, -46153846200.0, -4.07555491e-06, 46153846200.0, -153846154000.0, 2.77555756e-06, 115384615000.0]

Element number 17------------------------------------------------------------------------------------------------------------------------------------------------------
