
Element number 1------------------------------------------------------------------------------------------------------------------------------------------------------
[115384615000.0, 0.0, -153846154000.0, 46153846200.0, 38461538500.0, -11538461500.0, 5.38545496e-06, -46153846200.0, 0.0, -1.22468913e-06, -7.47382012e-23, 11538461500.0][0.0, 40384615400.0, 53846153800.0, -53846153800.0, -13461538500.0, 13461538500.0, -53846153800.0, 8.97575827e-07, -1.4663031e-06, 2.69272748e-06, 13461538500.0, 3.73691006e-23][-153846154000.0, 53846153800.0, 415384615000.0, -100000000000.0, -153846154000.0, 46153846200.0, -107692308000.0, 100000000000.0, -1.79515165e-05, -100000000000.0, 1.78849543e-06, 0.0][46153846200.0, -53846153800.0, -100000000000.0, 415384615000.0, 53846153800.0, -53846153800.0, 100000000000.0, -307692308000.0, -100000000000.0, -2.33369715e-05, -8.97575827e-07, 6.31991144e-06][38461538500.0, -13461538500.0, -153846154000.0, 53846153800.0, 155769231000.0, -75000000000.0, 8.97575827e-06, -4.71227309e-06, -53846153800.0, 46153846200.0, 13461538500.0, -11538461500.0][-11538461500.0, 13461538500.0, 46153846200.0, -53846153800.0, -75000000000.0, 155769231000.0, -3.1415154e-06, 1.32392435e-05, 53846153800.0, -153846154000.0, -13461538500.0, 38461538500.0][5.38545496e-06, -53846153800.0, -107692308000.0, 100000000000.0, 8.97575827e-06, -3.1415154e-06, 415384615000.0, -100000000000.0, -307692308000.0, 100000000000.0, 2.20770815e-06, -46153846200.0][-46153846200.0, 8.97575827e-07, 100000000000.0, -307692308000.0, -4.71227309e-06, 1.32392435e-05, -100000000000.0, 415384615000.0, 100000000000.0, -107692308000.0, -53846153800.0, -4.98267118e-06][0.0, -1.4663031e-06, -1.79515165e-05, -100000000000.0, -53846153800.0, 53846153800.0, -307692308000.0, 100000000000.0, 415384615000.0, -100000000000.0, -53846153800.0, 46153846200.0][-1.22468913e-06, 2.69272748e-06, -100000000000.0, -2.33369715e-05, 46153846200.0, -153846154000.0, 100000000000.0, -107692308000.0, -100000000000.0, 415384615000.0, 53846153800.0, -153846154000.0][-7.47382012e-23, 13461538500.0, 1.78849543e-06, -8.97575827e-07, 13461538500.0, -13461538500.0, 2.20770815e-06, -53846153800.0, -53846153800.0, 53846153800.0, 40384615400.0, -1.51788304e-06][11538461500.0, 3.73691006e-23, 0.0, 6.31991144e-06, -11538461500.0, 38461538500.0, -46153846200.0, -4.98267118e-06, 46153846200.0, -153846154000.0, -1.51788304e-06, 115384615000.0]

Element number 2------------------------------------------------------------------------------------------------------------------------------------------------------
[115384615000.0, 0.0, -153846154000.0, 46153846200.0, 38461538500.0, -11538461500.0, 5.38545496e-06, -46153846200.0, 0.0, -1.22468913e-06, -7.47382012e-23, 11538461500.0][0.0, 40384615400.0, 53846153800.0, -53846153800.0, -13461538500.0, 13461538500.0, -53846153800.0, 8.97575827e-07, -1.4663031e-06, 2.69272748e-06, 13461538500.0, 3.73691006e-23][-153846154000.0, 53846153800.0, 415384615000.0, -100000000000.0, -153846154000.0, 46153846200.0, -107692308000.0, 100000000000.0, -1.79515165e-05, -100000000000.0, 1.78849543e-06, 0.0][46153846200.0, -53846153800.0, -100000000000.0, 415384615000.0, 53846153800.0, -53846153800.0, 100000000000.0, -307692308000.0, -100000000000.0, -2.33369715e-05, -8.97575827e-07, 6.31991144e-06][38461538500.0, -13461538500.0, -153846154000.0, 53846153800.0, 155769231000.0, -75000000000.0, 8.97575827e-06, -4.71227309e-06, -53846153800.0, 46153846200.0, 13461538500.0, -11538461500.0][-11538461500.0, 13461538500.0, 46153846200.0, -53846153800.0, -75000000000.0, 155769231000.0, -3.1415154e-06, 1.32392435e-05, 53846153800.0, -153846154000.0, -13461538500.0, 38461538500.0][5.38545496e-06, -53846153800.0, -107692308000.0, 100000000000.0, 8.97575827e-06, -3.1415154e-06, 415384615000.0, -100000000000.0, -307692308000.0, 100000000000.0, 2.20770815e-06, -46153846200.0][-46153846200.0, 8.97575827e-07, 100000000000.0, -307692308000.0, -4.71227309e-06, 1.32392435e-05, -100000000000.0, 415384615000.0, 100000000000.0, -107692308000.0, -53846153800.0, -4.98267118e-06][0.0, -1.4663031e-06, -1.79515165e-05, -100000000000.0, -53846153800.0, 53846153800.0, -307692308000.0, 100000000000.0, 415384615000.0, -100000000000.0, -53846153800.0, 46153846200.0][-1.22468913e-06, 2.69272748e-06, -100000000000.0, -2.33369715e-05, 46153846200.0, -153846154000.0, 100000000000.0, -107692308000.0, -100000000000.0, 415384615000.0, 53846153800.0, -153846154000.0][-7.47382012e-23, 13461538500.0, 1.78849543e-06, -8.97575827e-07, 13461538500.0, -13461538500.0, 2.20770815e-06, -53846153800.0, -53846153800.0, 53846153800.0, 40384615400.0, -1.51788304e-06][11538461500.0, 3.73691006e-23, 0.0, 6.31991144e-06, -11538461500.0, 38461538500.0, -46153846200.0, -4.98267118e-06, 46153846200.0, -153846154000.0, -1.51788304e-06, 115384615000.0]

Element number 3------------------------------------------------------------------------------------------------------------------------------------------------------
[115384615000.0, 0.0, -153846154000.0, 46153846200.0, 38461538500.0, -11538461500.0, 5.38545496e-06, -46153846200.0, 0.0, -1.22468913e-06, -7.47382012e-23, 11538461500.0][0.0, 40384615400.0, 53846153800.0, -53846153800.0, -13461538500.0, 13461538500.0, -53846153800.0, 8.97575827e-07, -1.4663031e-06, 2.69272748e-06, 13461538500.0, 3.73691006e-23][-153846154000.0, 53846153800.0, 415384615000.0, -100000000000.0, -153846154000.0, 46153846200.0, -107692308000.0, 100000000000.0, -1.79515165e-05, -100000000000.0, 1.78849543e-06, 0.0][46153846200.0, -53846153800.0, -100000000000.0, 415384615000.0, 53846153800.0, -53846153800.0, 100000000000.0, -307692308000.0, -100000000000.0, -2.33369715e-05, -8.97575827e-07, 6.31991144e-06][38461538500.0, -13461538500.0, -153846154000.0, 53846153800.0, 155769231000.0, -75000000000.0, 8.97575827e-06, -4.71227309e-06, -53846153800.0, 46153846200.0, 13461538500.0, -11538461500.0][-11538461500.0, 13461538500.0, 46153846200.0, -53846153800.0, -75000000000.0, 155769231000.0, -3.1415154e-06, 1.32392435e-05, 53846153800.0, -153846154000.0, -13461538500.0, 38461538500.0][5.38545496e-06, -53846153800.0, -107692308000.0, 100000000000.0, 8.97575827e-06, -3.1415154e-06, 415384615000.0, -100000000000.0, -307692308000.0, 100000000000.0, 2.20770815e-06, -46153846200.0][-46153846200.0, 8.97575827e-07, 100000000000.0, -307692308000.0, -4.71227309e-06, 1.32392435e-05, -100000000000.0, 415384615000.0, 100000000000.0, -107692308000.0, -53846153800.0, -4.98267118e-06][0.0, -1.4663031e-06, -1.79515165e-05, -100000000000.0, -53846153800.0, 53846153800.0, -307692308000.0, 100000000000.0, 415384615000.0, -100000000000.0, -53846153800.0, 46153846200.0][-1.22468913e-06, 2.69272748e-06, -100000000000.0, -2.33369715e-05, 46153846200.0, -153846154000.0, 100000000000.0, -107692308000.0, -100000000000.0, 415384615000.0, 53846153800.0, -153846154000.0][-7.47382012e-23, 13461538500.0, 1.78849543e-06, -8.97575827e-07, 13461538500.0, -13461538500.0, 2.20770815e-06, -53846153800.0, -53846153800.0, 53846153800.0, 40384615400.0, -1.51788304e-06][11538461500.0, 3.73691006e-23, 0.0, 6.31991144e-06, -11538461500.0, 38461538500.0, -46153846200.0, -4.98267118e-06, 46153846200.0, -153846154000.0, -1.51788304e-06, 115384615000.0]

Element number 4------------------------------------------------------------------------------------------------------------------------------------------------------
[115384615000.0, 0.0, -153846154000.0, 46153846200.0, 38461538500.0, -11538461500.0, 5.38545496e-06, -46153846200.0, 0.0, -1.22468913e-06, -7.47382012e-23, 11538461500.0][0.0, 40384615400.0, 53846153800.0, -53846153800.0, -13461538500.0, 13461538500.0, -53846153800.0, 8.97575827e-07, -1.4663031e-06, 2.69272748e-06, 13461538500.0, 3.73691006e-23][-153846154000.0, 53846153800.0, 415384615000.0, -100000000000.0, -153846154000.0, 46153846200.0, -107692308000.0, 100000000000.0, -1.79515165e-05, -100000000000.0, 1.78849543e-06, 0.0][46153846200.0, -53846153800.0, -100000000000.0, 415384615000.0, 53846153800.0, -53846153800.0, 100000000000.0, -307692308000.0, -100000000000.0, -2.33369715e-05, -8.97575827e-07, 6.31991144e-06][38461538500.0, -13461538500.0, -153846154000.0, 53846153800.0, 155769231000.0, -75000000000.0, 8.97575827e-06, -4.71227309e-06, -53846153800.0, 46153846200.0, 13461538500.0, -11538461500.0][-11538461500.0, 13461538500.0, 46153846200.0, -53846153800.0, -75000000000.0, 155769231000.0, -3.1415154e-06, 1.32392435e-05, 53846153800.0, -153846154000.0, -13461538500.0, 38461538500.0][5.38545496e-06, -53846153800.0, -107692308000.0, 100000000000.0, 8.97575827e-06, -3.1415154e-06, 415384615000.0, -100000000000.0, -307692308000.0, 100000000000.0, 2.20770815e-06, -46153846200.0][-46153846200.0, 8.97575827e-07, 100000000000.0, -307692308000.0, -4.71227309e-06, 1.32392435e-05, -100000000000.0, 415384615000.0, 100000000000.0, -107692308000.0, -53846153800.0, -4.98267118e-06][0.0, -1.4663031e-06, -1.79515165e-05, -100000000000.0, -53846153800.0, 53846153800.0, -307692308000.0, 100000000000.0, 415384615000.0, -100000000000.0, -53846153800.0, 46153846200.0][-1.22468913e-06, 2.69272748e-06, -100000000000.0, -2.33369715e-05, 46153846200.0, -153846154000.0, 100000000000.0, -107692308000.0, -100000000000.0, 415384615000.0, 53846153800.0, -153846154000.0][-7.47382012e-23, 13461538500.0, 1.78849543e-06, -8.97575827e-07, 13461538500.0, -13461538500.0, 2.20770815e-06, -53846153800.0, -53846153800.0, 53846153800.0, 40384615400.0, -1.51788304e-06][11538461500.0, 3.73691006e-23, 0.0, 6.31991144e-06, -11538461500.0, 38461538500.0, -46153846200.0, -4.98267118e-06, 46153846200.0, -153846154000.0, -1.51788304e-06, 115384615000.0]

Element number 5------------------------------------------------------------------------------------------------------------------------------------------------------
[115384615000.0, 0.0, -153846154000.0, 46153846200.0, 38461538500.0, -11538461500.0, 5.38545496e-06, -46153846200.0, 0.0, -1.22468913e-06, -7.47382012e-23, 11538461500.0][0.0, 40384615400.0, 53846153800.0, -53846153800.0, -13461538500.0, 13461538500.0, -53846153800.0, 8.97575827e-07, -1.4663031e-06, 2.69272748e-06, 13461538500.0, 3.73691006e-23][-153846154000.0, 53846153800.0, 415384615000.0, -100000000000.0, -153846154000.0, 46153846200.0, -107692308000.0, 100000000000.0, -1.79515165e-05, -100000000000.0, 1.78849543e-06, 0.0][46153846200.0, -53846153800.0, -100000000000.0, 415384615000.0, 53846153800.0, -53846153800.0, 100000000000.0, -307692308000.0, -100000000000.0, -2.33369715e-05, -8.97575827e-07, 6.31991144e-06][38461538500.0, -13461538500.0, -153846154000.0, 53846153800.0, 155769231000.0, -75000000000.0, 8.97575827e-06, -4.71227309e-06, -53846153800.0, 46153846200.0, 13461538500.0, -11538461500.0][-11538461500.0, 13461538500.0, 46153846200.0, -53846153800.0, -75000000000.0, 155769231000.0, -3.1415154e-06, 1.32392435e-05, 53846153800.0, -153846154000.0, -13461538500.0, 38461538500.0][5.38545496e-06, -53846153800.0, -107692308000.0, 100000000000.0, 8.97575827e-06, -3.1415154e-06, 415384615000.0, -100000000000.0, -307692308000.0, 100000000000.0, 2.20770815e-06, -46153846200.0][-46153846200.0, 8.97575827e-07, 100000000000.0, -307692308000.0, -4.71227309e-06, 1.32392435e-05, -100000000000.0, 415384615000.0, 100000000000.0, -107692308000.0, -53846153800.0, -4.98267118e-06][0.0, -1.4663031e-06, -1.79515165e-05, -100000000000.0, -53846153800.0, 53846153800.0, -307692308000.0, 100000000000.0, 415384615000.0, -100000000000.0, -53846153800.0, 46153846200.0][-1.22468913e-06, 2.69272748e-06, -100000000000.0, -2.33369715e-05, 46153846200.0, -153846154000.0, 100000000000.0, -107692308000.0, -100000000000.0, 415384615000.0, 53846153800.0, -153846154000.0][-7.47382012e-23, 13461538500.0, 1.78849543e-06, -8.97575827e-07, 13461538500.0, -13461538500.0, 2.20770815e-06, -53846153800.0, -53846153800.0, 53846153800.0, 40384615400.0, -1.51788304e-06][11538461500.0, 3.73691006e-23, 0.0, 6.31991144e-06, -11538461500.0, 38461538500.0, -46153846200.0, -4.98267118e-06, 46153846200.0, -153846154000.0, -1.51788304e-06, 115384615000.0]

Element number 6------------------------------------------------------------------------------------------------------------------------------------------------------
[115384615000.0, 0.0, -153846154000.0, 46153846200.0, 38461538500.0, -11538461500.0, 5.38545496e-06, -46153846200.0, 0.0, -1.22468913e-06, -7.47382012e-23, 11538461500.0][0.0, 40384615400.0, 53846153800.0, -53846153800.0, -13461538500.0, 13461538500.0, -53846153800.0, 8.97575827e-07, -1.4663031e-06, 2.69272748e-06, 13461538500.0, 3.73691006e-23][-153846154000.0, 53846153800.0, 415384615000.0, -100000000000.0, -153846154000.0, 46153846200.0, -107692308000.0, 100000000000.0, -1.79515165e-05, -100000000000.0, 1.78849543e-06, 0.0][46153846200.0, -53846153800.0, -100000000000.0, 415384615000.0, 53846153800.0, -53846153800.0, 100000000000.0, -307692308000.0, -100000000000.0, -2.33369715e-05, -8.97575827e-07, 6.31991144e-06][38461538500.0, -13461538500.0, -153846154000.0, 53846153800.0, 155769231000.0, -75000000000.0, 8.97575827e-06, -4.71227309e-06, -53846153800.0, 46153846200.0, 13461538500.0, -11538461500.0][-11538461500.0, 13461538500.0, 46153846200.0, -53846153800.0, -75000000000.0, 155769231000.0, -3.1415154e-06, 1.32392435e-05, 53846153800.0, -153846154000.0, -13461538500.0, 38461538500.0][5.38545496e-06, -53846153800.0, -107692308000.0, 100000000000.0, 8.97575827e-06, -3.1415154e-06, 415384615000.0, -100000000000.0, -307692308000.0, 100000000000.0, 2.20770815e-06, -46153846200.0][-46153846200.0, 8.97575827e-07, 100000000000.0, -307692308000.0, -4.71227309e-06, 1.32392435e-05, -100000000000.0, 415384615000.0, 100000000000.0, -107692308000.0, -53846153800.0, -4.98267118e-06][0.0, -1.4663031e-06, -1.79515165e-05, -100000000000.0, -53846153800.0, 53846153800.0, -307692308000.0, 100000000000.0, 415384615000.0, -100000000000.0, -53846153800.0, 46153846200.0][-1.22468913e-06, 2.69272748e-06, -100000000000.0, -2.33369715e-05, 46153846200.0, -153846154000.0, 100000000000.0, -107692308000.0, -100000000000.0, 415384615000.0, 53846153800.0, -153846154000.0][-7.47382012e-23, 13461538500.0, 1.78849543e-06, -8.97575827e-07, 13461538500.0, -13461538500.0, 2.20770815e-06, -53846153800.0, -53846153800.0, 53846153800.0, 40384615400.0, -1.51788304e-06][11538461500.0, 3.73691006e-23, 0.0, 6.31991144e-06, -11538461500.0, 38461538500.0, -46153846200.0, -4.98267118e-06, 46153846200.0, -153846154000.0, -1.51788304e-06, 115384615000.0]

Element number 7------------------------------------------------------------------------------------------------------------------------------------------------------
[115384615000.0, 0.0, -153846154000.0, 46153846200.0, 38461538500.0, -11538461500.0, 5.38545496e-06, -46153846200.0, 0.0, -1.22468913e-06, -7.47382012e-23, 11538461500.0][0.0, 40384615400.0, 53846153800.0, -53846153800.0, -13461538500.0, 13461538500.0, -53846153800.0, 8.97575827e-07, -1.4663031e-06, 2.69272748e-06, 13461538500.0, 3.73691006e-23][-153846154000.0, 53846153800.0, 415384615000.0, -100000000000.0, -153846154000.0, 46153846200.0, -107692308000.0, 100000000000.0, -1.79515165e-05, -100000000000.0, 1.78849543e-06, 0.0][46153846200.0, -53846153800.0, -100000000000.0, 415384615000.0, 53846153800.0, -53846153800.0, 100000000000.0, -307692308000.0, -100000000000.0, -2.33369715e-05, -8.97575827e-07, 6.31991144e-06][38461538500.0, -13461538500.0, -153846154000.0, 53846153800.0, 155769231000.0, -75000000000.0, 8.97575827e-06, -4.71227309e-06, -53846153800.0, 46153846200.0, 13461538500.0, -11538461500.0][-11538461500.0, 13461538500.0, 46153846200.0, -53846153800.0, -75000000000.0, 155769231000.0, -3.1415154e-06, 1.32392435e-05, 53846153800.0, -153846154000.0, -13461538500.0, 38461538500.0][5.38545496e-06, -53846153800.0, -107692308000.0, 100000000000.0, 8.97575827e-06, -3.1415154e-06, 415384615000.0, -100000000000.0, -307692308000.0, 100000000000.0, 2.20770815e-06, -46153846200.0][-46153846200.0, 8.97575827e-07, 100000000000.0, -307692308000.0, -4.71227309e-06, 1.32392435e-05, -100000000000.0, 415384615000.0, 100000000000.0, -107692308000.0, -53846153800.0, -4.98267118e-06][0.0, -1.4663031e-06, -1.79515165e-05, -100000000000.0, -53846153800.0, 53846153800.0, -307692308000.0, 100000000000.0, 415384615000.0, -100000000000.0, -53846153800.0, 46153846200.0][-1.22468913e-06, 2.69272748e-06, -100000000000.0, -2.33369715e-05, 46153846200.0, -153846154000.0, 100000000000.0, -107692308000.0, -100000000000.0, 415384615000.0, 53846153800.0, -153846154000.0][-7.47382012e-23, 13461538500.0, 1.78849543e-06, -8.97575827e-07, 13461538500.0, -13461538500.0, 2.20770815e-06, -53846153800.0, -53846153800.0, 53846153800.0, 40384615400.0, -1.51788304e-06][11538461500.0, 3.73691006e-23, 0.0, 6.31991144e-06, -11538461500.0, 38461538500.0, -46153846200.0, -4.98267118e-06, 46153846200.0, -153846154000.0, -1.51788304e-06, 115384615000.0]

Element number 8------------------------------------------------------------------------------------------------------------------------------------------------------
[115384615000.0, 0.0, -153846154000.0, 46153846200.0, 38461538500.0, -11538461500.0, 5.38545496e-06, -46153846200.0, 0.0, -1.22468913e-06, -7.47382012e-23, 11538461500.0][0.0, 40384615400.0, 53846153800.0, -53846153800.0, -13461538500.0, 13461538500.0, -53846153800.0, 8.97575827e-07, -1.4663031e-06, 2.69272748e-06, 13461538500.0, 3.73691006e-23][-153846154000.0, 53846153800.0, 415384615000.0, -100000000000.0, -153846154000.0, 46153846200.0, -107692308000.0, 100000000000.0, -1.79515165e-05, -100000000000.0, 1.78849543e-06, 0.0][46153846200.0, -53846153800.0, -100000000000.0, 415384615000.0, 53846153800.0, -53846153800.0, 100000000000.0, -307692308000.0, -100000000000.0, -2.33369715e-05, -8.97575827e-07, 6.31991144e-06][38461538500.0, -13461538500.0, -153846154000.0, 53846153800.0, 155769231000.0, -75000000000.0, 8.97575827e-06, -4.71227309e-06, -53846153800.0, 46153846200.0, 13461538500.0, -11538461500.0][-11538461500.0, 13461538500.0, 46153846200.0, -53846153800.0, -75000000000.0, 155769231000.0, -3.1415154e-06, 1.32392435e-05, 53846153800.0, -153846154000.0, -13461538500.0, 38461538500.0][5.38545496e-06, -53846153800.0, -107692308000.0, 100000000000.0, 8.97575827e-06, -3.1415154e-06, 415384615000.0, -100000000000.0, -307692308000.0, 100000000000.0, 2.20770815e-06, -46153846200.0][-46153846200.0, 8.97575827e-07, 100000000000.0, -307692308000.0, -4.71227309e-06, 1.32392435e-05, -100000000000.0, 415384615000.0, 100000000000.0, -107692308000.0, -53846153800.0, -4.98267118e-06][0.0, -1.4663031e-06, -1.79515165e-05, -100000000000.0, -53846153800.0, 53846153800.0, -307692308000.0, 100000000000.0, 415384615000.0, -100000000000.0, -53846153800.0, 46153846200.0][-1.22468913e-06, 2.69272748e-06, -100000000000.0, -2.33369715e-05, 46153846200.0, -153846154000.0, 100000000000.0, -107692308000.0, -100000000000.0, 415384615000.0, 53846153800.0, -153846154000.0][-7.47382012e-23, 13461538500.0, 1.78849543e-06, -8.97575827e-07, 13461538500.0, -13461538500.0, 2.20770815e-06, -53846153800.0, -53846153800.0, 53846153800.0, 40384615400.0, -1.51788304e-06][11538461500.0, 3.73691006e-23, 0.0, 6.31991144e-06, -11538461500.0, 38461538500.0, -46153846200.0, -4.98267118e-06, 46153846200.0, -153846154000.0, -1.51788304e-06, 115384615000.0]

Element number 9------------------------------------------------------------------------------------------------------------------------------------------------------
[115384615000.0, 0.0, -153846154000.0, 46153846200.0, 38461538500.0, -11538461500.0, 5.38545496e-06, -46153846200.0, 0.0, -1.22468913e-06, -7.47382012e-23, 11538461500.0][0.0, 40384615400.0, 53846153800.0, -53846153800.0, -13461538500.0, 13461538500.0, -53846153800.0, 8.97575827e-07, -1.4663031e-06, 2.69272748e-06, 13461538500.0, 3.73691006e-23][-153846154000.0, 53846153800.0, 415384615000.0, -100000000000.0, -153846154000.0, 46153846200.0, -107692308000.0, 100000000000.0, -1.79515165e-05, -100000000000.0, 1.78849543e-06, 0.0][46153846200.0, -53846153800.0, -100000000000.0, 415384615000.0, 53846153800.0, -53846153800.0, 100000000000.0, -307692308000.0, -100000000000.0, -2.33369715e-05, -8.97575827e-07, 6.31991144e-06][38461538500.0, -13461538500.0, -153846154000.0, 53846153800.0, 155769231000.0, -75000000000.0, 8.97575827e-06, -4.71227309e-06, -53846153800.0, 46153846200.0, 13461538500.0, -11538461500.0][-11538461500.0, 13461538500.0, 46153846200.0, -53846153800.0, -75000000000.0, 155769231000.0, -3.1415154e-06, 1.32392435e-05, 53846153800.0, -153846154000.0, -13461538500.0, 38461538500.0][5.38545496e-06, -53846153800.0, -107692308000.0, 100000000000.0, 8.97575827e-06, -3.1415154e-06, 415384615000.0, -100000000000.0, -307692308000.0, 100000000000.0, 2.20770815e-06, -46153846200.0][-46153846200.0, 8.97575827e-07, 100000000000.0, -307692308000.0, -4.71227309e-06, 1.32392435e-05, -100000000000.0, 415384615000.0, 100000000000.0, -107692308000.0, -53846153800.0, -4.98267118e-06][0.0, -1.4663031e-06, -1.79515165e-05, -100000000000.0, -53846153800.0, 53846153800.0, -307692308000.0, 100000000000.0, 415384615000.0, -100000000000.0, -53846153800.0, 46153846200.0][-1.22468913e-06, 2.69272748e-06, -100000000000.0, -2.33369715e-05, 46153846200.0, -153846154000.0, 100000000000.0, -107692308000.0, -100000000000.0, 415384615000.0, 53846153800.0, -153846154000.0][-7.47382012e-23, 13461538500.0, 1.78849543e-06, -8.97575827e-07, 13461538500.0, -13461538500.0, 2.20770815e-06, -53846153800.0, -53846153800.0, 53846153800.0, 40384615400.0, -1.51788304e-06][11538461500.0, 3.73691006e-23, 0.0, 6.31991144e-06, -11538461500.0, 38461538500.0, -46153846200.0, -4.98267118e-06, 46153846200.0, -153846154000.0, -1.51788304e-06, 115384615000.0]

Element number 10------------------------------------------------------------------------------------------------------------------------------------------------------
[115384615000.0, 0.0, -153846154000.0, 46153846200.0, 38461538500.0, -11538461500.0, 5.38545496e-06, -46153846200.0, 0.0, -1.22468913e-06, -7.47382012e-23, 11538461500.0][0.0, 40384615400.0, 53846153800.0, -53846153800.0, -13461538500.0, 13461538500.0, -53846153800.0, 8.97575827e-07, -1.4663031e-06, 2.69272748e-06, 13461538500.0, 3.73691006e-23][-153846154000.0, 53846153800.0, 415384615000.0, -100000000000.0, -153846154000.0, 46153846200.0, -107692308000.0, 100000000000.0, -1.79515165e-05, -100000000000.0, 1.78849543e-06, 0.0][46153846200.0, -53846153800.0, -100000000000.0, 415384615000.0, 53846153800.0, -53846153800.0, 100000000000.0, -307692308000.0, -100000000000.0, -2.33369715e-05, -8.97575827e-07, 6.31991144e-06][38461538500.0, -13461538500.0, -153846154000.0, 53846153800.0, 155769231000.0, -75000000000.0, 8.97575827e-06, -4.71227309e-06, -53846153800.0, 46153846200.0, 13461538500.0, -11538461500.0][-11538461500.0, 13461538500.0, 46153846200.0, -53846153800.0, -75000000000.0, 155769231000.0, -3.1415154e-06, 1.32392435e-05, 53846153800.0, -153846154000.0, -13461538500.0, 38461538500.0][5.38545496e-06, -53846153800.0, -107692308000.0, 100000000000.0, 8.97575827e-06, -3.1415154e-06, 415384615000.0, -100000000000.0, -307692308000.0, 100000000000.0, 2.20770815e-06, -46153846200.0][-46153846200.0, 8.97575827e-07, 100000000000.0, -307692308000.0, -4.71227309e-06, 1.32392435e-05, -100000000000.0, 415384615000.0, 100000000000.0, -107692308000.0, -53846153800.0, -4.98267118e-06][0.0, -1.4663031e-06, -1.79515165e-05, -100000000000.0, -53846153800.0, 53846153800.0, -307692308000.0, 100000000000.0, 415384615000.0, -100000000000.0, -53846153800.0, 46153846200.0][-1.22468913e-06, 2.69272748e-06, -100000000000.0, -2.33369715e-05, 46153846200.0, -153846154000.0, 100000000000.0, -107692308000.0, -100000000000.0, 415384615000.0, 53846153800.0, -153846154000.0][-7.47382012e-23, 13461538500.0, 1.78849543e-06, -8.97575827e-07, 13461538500.0, -13461538500.0, 2.20770815e-06, -53846153800.0, -53846153800.0, 53846153800.0, 40384615400.0, -1.51788304e-06][11538461500.0, 3.73691006e-23, 0.0, 6.31991144e-06, -11538461500.0, 38461538500.0, -46153846200.0, -4.98267118e-06, 46153846200.0, -153846154000.0, -1.51788304e-06, 115384615000.0]

Element number 11------------------------------------------------------------------------------------------------------------------------------------------------------
[115384615000.0, 0.0, -153846154000.0, 46153846200.0, 38461538500.0, -11538461500.0, 5.38545496e-06, -46153846200.0, 0.0, -1.22468913e-06, -7.47382012e-23, 11538461500.0][0.0, 40384615400.0, 53846153800.0, -53846153800.0, -13461538500.0, 13461538500.0, -53846153800.0, 8.97575827e-07, -1.4663031e-06, 2.69272748e-06, 13461538500.0, 3.73691006e-23][-153846154000.0, 53846153800.0, 415384615000.0, -100000000000.0, -153846154000.0, 46153846200.0, -107692308000.0, 100000000000.0, -1.79515165e-05, -100000000000.0, 1.78849543e-06, 0.0][46153846200.0, -53846153800.0, -100000000000.0, 415384615000.0, 53846153800.0, -53846153800.0, 100000000000.0, -307692308000.0, -100000000000.0, -2.33369715e-05, -8.97575827e-07, 6.31991144e-06][38461538500.0, -13461538500.0, -153846154000.0, 53846153800.0, 155769231000.0, -75000000000.0, 8.97575827e-06, -4.71227309e-06, -53846153800.0, 46153846200.0, 13461538500.0, -11538461500.0][-11538461500.0, 13461538500.0, 46153846200.0, -53846153800.0, -75000000000.0, 155769231000.0, -3.1415154e-06, 1.32392435e-05, 53846153800.0, -153846154000.0, -13461538500.0, 38461538500.0][5.38545496e-06, -53846153800.0, -107692308000.0, 100000000000.0, 8.97575827e-06, -3.1415154e-06, 415384615000.0, -100000000000.0, -307692308000.0, 100000000000.0, 2.20770815e-06, -46153846200.0][-46153846200.0, 8.97575827e-07, 100000000000.0, -307692308000.0, -4.71227309e-06, 1.32392435e-05, -100000000000.0, 415384615000.0, 100000000000.0, -107692308000.0, -53846153800.0, -4.98267118e-06][0.0, -1.4663031e-06, -1.79515165e-05, -100000000000.0, -53846153800.0, 53846153800.0, -307692308000.0, 100000000000.0, 415384615000.0, -100000000000.0, -53846153800.0, 46153846200.0][-1.22468913e-06, 2.69272748e-06, -100000000000.0, -2.33369715e-05, 46153846200.0, -153846154000.0, 100000000000.0, -107692308000.0, -100000000000.0, 415384615000.0, 53846153800.0, -153846154000.0][-7.47382012e-23, 13461538500.0, 1.78849543e-06, -8.97575827e-07, 13461538500.0, -13461538500.0, 2.20770815e-06, -53846153800.0, -53846153800.0, 53846153800.0, 40384615400.0, -1.51788304e-06][11538461500.0, 3.73691006e-23, 0.0, 6.31991144e-06, -11538461500.0, 38461538500.0, -46153846200.0, -4.98267118e-06, 46153846200.0, -153846154000.0, -1.51788304e-06, 115384615000.0]

Element number 12------------------------------------------------------------------------------------------------------------------------------------------------------
[115384615000.0, 0.0, -153846154000.0, 46153846200.0, 38461538500.0, -11538461500.0, 5.38545496e-06, -46153846200.0, 0.0, -1.22468913e-06, -7.47382012e-23, 11538461500.0][0.0, 40384615400.0, 53846153800.0, -53846153800.0, -13461538500.0, 13461538500.0, -53846153800.0, 8.97575827e-07, -1.4663031e-06, 2.69272748e-06, 13461538500.0, 3.73691006e-23][-153846154000.0, 53846153800.0, 415384615000.0, -100000000000.0, -153846154000.0, 46153846200.0, -107692308000.0, 100000000000.0, -1.79515165e-05, -100000000000.0, 1.78849543e-06, 0.0][46153846200.0, -53846153800.0, -100000000000.0, 415384615000.0, 53846153800.0, -53846153800.0, 100000000000.0, -307692308000.0, -100000000000.0, -2.33369715e-05, -8.97575827e-07, 6.31991144e-06][38461538500.0, -13461538500.0, -153846154000.0, 53846153800.0, 155769231000.0, -75000000000.0, 8.97575827e-06, -4.71227309e-06, -53846153800.0, 46153846200.0, 13461538500.0, -11538461500.0][-11538461500.0, 13461538500.0, 46153846200.0, -53846153800.0, -75000000000.0, 155769231000.0, -3.1415154e-06, 1.32392435e-05, 53846153800.0, -153846154000.0, -13461538500.0, 38461538500.0][5.38545496e-06, -53846153800.0, -107692308000.0, 100000000000.0, 8.97575827e-06, -3.1415154e-06, 415384615000.0, -100000000000.0, -307692308000.0, 100000000000.0, 2.20770815e-06, -46153846200.0][-46153846200.0, 8.97575827e-07, 100000000000.0, -307692308000.0, -4.71227309e-06, 1.32392435e-05, -100000000000.0, 415384615000.0, 100000000000.0, -107692308000.0, -53846153800.0, -4.98267118e-06][0.0, -1.4663031e-06, -1.79515165e-05, -100000000000.0, -53846153800.0, 53846153800.0, -307692308000.0, 100000000000.0, 415384615000.0, -100000000000.0, -53846153800.0, 46153846200.0][-1.22468913e-06, 2.69272748e-06, -100000000000.0, -2.33369715e-05, 46153846200.0, -153846154000.0, 100000000000.0, -107692308000.0, -100000000000.0, 415384615000.0, 53846153800.0, -153846154000.0][-7.47382012e-23, 13461538500.0, 1.78849543e-06, -8.97575827e-07, 13461538500.0, -13461538500.0, 2.20770815e-06, -53846153800.0, -53846153800.0, 53846153800.0, 40384615400.0, -1.51788304e-06][11538461500.0, 3.73691006e-23, 0.0, 6.31991144e-06, -11538461500.0, 38461538500.0, -46153846200.0, -4.98267118e-06, 46153846200.0, -153846154000.0, -1.51788304e-06, 115384615000.0]

Element number 13------------------------------------------------------------------------------------------------------------------------------------------------------
[115384615000.0, 0.0, -153846154000.0, 46153846200.0, 38461538500.0, -11538461500.0, 5.38545496e-06, -46153846200.0, 0.0, -1.22468913e-06, -7.47382012e-23, 11538461500.0][0.0, 40384615400.0, 53846153800.0, -53846153800.0, -13461538500.0, 13461538500.0, -53846153800.0, 8.97575827e-07, -1.4663031e-06, 2.69272748e-06, 13461538500.0, 3.73691006e-23][-153846154000.0, 53846153800.0, 415384615000.0, -100000000000.0, -153846154000.0, 46153846200.0, -107692308000.0, 100000000000.0, -1.79515165e-05, -100000000000.0, 1.78849543e-06, 0.0][46153846200.0, -53846153800.0, -100000000000.0, 415384615000.0, 53846153800.0, -53846153800.0, 100000000000.0, -307692308000.0, -100000000000.0, -2.33369715e-05, -8.97575827e-07, 6.31991144e-06][38461538500.0, -13461538500.0, -153846154000.0, 53846153800.0, 155769231000.0, -75000000000.0, 8.97575827e-06, -4.71227309e-06, -53846153800.0, 46153846200.0, 13461538500.0, -11538461500.0][-11538461500.0, 13461538500.0, 46153846200.0, -53846153800.0, -75000000000.0, 155769231000.0, -3.1415154e-06, 1.32392435e-05, 53846153800.0, -153846154000.0, -13461538500.0, 38461538500.0][5.38545496e-06, -53846153800.0, -107692308000.0, 100000000000.0, 8.97575827e-06, -3.1415154e-06, 415384615000.0, -100000000000.0, -307692308000.0, 100000000000.0, 2.20770815e-06, -46153846200.0][-46153846200.0, 8.97575827e-07, 100000000000.0, -307692308000.0, -4.71227309e-06, 1.32392435e-05, -100000000000.0, 415384615000.0, 100000000000.0, -107692308000.0, -53846153800.0, -4.98267118e-06][0.0, -1.4663031e-06, -1.79515165e-05, -100000000000.0, -53846153800.0, 53846153800.0, -307692308000.0, 100000000000.0, 415384615000.0, -100000000000.0, -53846153800.0, 46153846200.0][-1.22468913e-06, 2.69272748e-06, -100000000000.0, -2.33369715e-05, 46153846200.0, -153846154000.0, 100000000000.0, -107692308000.0, -100000000000.0, 415384615000.0, 53846153800.0, -153846154000.0][-7.47382012e-23, 13461538500.0, 1.78849543e-06, -8.97575827e-07, 13461538500.0, -13461538500.0, 2.20770815e-06, -53846153800.0, -53846153800.0, 53846153800.0, 40384615400.0, -1.51788304e-06][11538461500.0, 3.73691006e-23, 0.0, 6.31991144e-06, -11538461500.0, 38461538500.0, -46153846200.0, -4.98267118e-06, 46153846200.0, -153846154000.0, -1.51788304e-06, 115384615000.0]

Element number 14------------------------------------------------------------------------------------------------------------------------------------------------------
[115384615000.0, 0.0, -153846154000.0, 46153846200.0, 38461538500.0, -11538461500.0, 5.38545496e-06, -46153846200.0, 0.0, -1.22468913e-06, -7.47382012e-23, 11538461500.0][0.0, 40384615400.0, 53846153800.0, -53846153800.0, -13461538500.0, 13461538500.0, -53846153800.0, 8.97575827e-07, -1.4663031e-06, 2.69272748e-06, 13461538500.0, 3.73691006e-23][-153846154000.0, 53846153800.0, 415384615000.0, -100000000000.0, -153846154000.0, 46153846200.0, -107692308000.0, 100000000000.0, -1.79515165e-05, -100000000000.0, 1.78849543e-06, 0.0][46153846200.0, -53846153800.0, -100000000000.0, 415384615000.0, 53846153800.0, -53846153800.0, 100000000000.0, -307692308000.0, -100000000000.0, -2.33369715e-05, -8.97575827e-07, 6.31991144e-06][38461538500.0, -13461538500.0, -153846154000.0, 53846153800.0, 155769231000.0, -75000000000.0, 8.97575827e-06, -4.71227309e-06, -53846153800.0, 46153846200.0, 13461538500.0, -11538461500.0][-11538461500.0, 13461538500.0, 46153846200.0, -53846153800.0, -75000000000.0, 155769231000.0, -3.1415154e-06, 1.32392435e-05, 53846153800.0, -153846154000.0, -13461538500.0, 38461538500.0][5.38545496e-06, -53846153800.0, -107692308000.0, 100000000000.0, 8.97575827e-06, -3.1415154e-06, 415384615000.0, -100000000000.0, -307692308000.0, 100000000000.0, 2.20770815e-06, -46153846200.0][-46153846200.0, 8.97575827e-07, 100000000000.0, -307692308000.0, -4.71227309e-06, 1.32392435e-05, -100000000000.0, 415384615000.0, 100000000000.0, -107692308000.0, -53846153800.0, -4.98267118e-06][0.0, -1.4663031e-06, -1.79515165e-05, -100000000000.0, -53846153800.0, 53846153800.0, -307692308000.0, 100000000000.0, 415384615000.0, -100000000000.0, -53846153800.0, 46153846200.0][-1.22468913e-06, 2.69272748e-06, -100000000000.0, -2.33369715e-05, 46153846200.0, -153846154000.0, 100000000000.0, -107692308000.0, -100000000000.0, 415384615000.0, 53846153800.0, -153846154000.0][-7.47382012e-23, 13461538500.0, 1.78849543e-06, -8.97575827e-07, 13461538500.0, -13461538500.0, 2.20770815e-06, -53846153800.0, -53846153800.0, 53846153800.0, 40384615400.0, -1.51788304e-06][11538461500.0, 3.73691006e-23, 0.0, 6.31991144e-06, -11538461500.0, 38461538500.0, -46153846200.0, -4.98267118e-06, 46153846200.0, -153846154000.0, -1.51788304e-06, 115384615000.0]

Element number 15------------------------------------------------------------------------------------------------------------------------------------------------------
[115384615000.0, 0.0, -153846154000.0, 46153846200.0, 38461538500.0, -11538461500.0, 5.38545496e-06, -46153846200.0, 0.0, -1.22468913e-06, -7.47382012e-23, 11538461500.0][0.0, 40384615400.0, 53846153800.0, -53846153800.0, -13461538500.0, 13461538500.0, -53846153800.0, 8.97575827e-07, -1.4663031e-06, 2.69272748e-06, 13461538500.0, 3.73691006e-23][-153846154000.0, 53846153800.0, 415384615000.0, -100000000000.0, -153846154000.0, 46153846200.0, -107692308000.0, 100000000000.0, -1.79515165e-05, -100000000000.0, 1.78849543e-06, 0.0][46153846200.0, -53846153800.0, -100000000000.0, 415384615000.0, 53846153800.0, -53846153800.0, 100000000000.0, -307692308000.0, -100000000000.0, -2.33369715e-05, -8.97575827e-07, 6.31991144e-06][38461538500.0, -13461538500.0, -153846154000.0, 53846153800.0, 155769231000.0, -75000000000.0, 8.97575827e-06, -4.71227309e-06, -53846153800.0, 46153846200.0, 13461538500.0, -11538461500.0][-11538461500.0, 13461538500.0, 46153846200.0, -53846153800.0, -75000000000.0, 155769231000.0, -3.1415154e-06, 1.32392435e-05, 53846153800.0, -153846154000.0, -13461538500.0, 38461538500.0][5.38545496e-06, -53846153800.0, -107692308000.0, 100000000000.0, 8.97575827e-06, -3.1415154e-06, 415384615000.0, -100000000000.0, -307692308000.0, 100000000000.0, 2.20770815e-06, -46153846200.0][-46153846200.0, 8.97575827e-07, 100000000000.0, -307692308000.0, -4.71227309e-06, 1.32392435e-05, -100000000000.0, 415384615000.0, 100000000000.0, -107692308000.0, -53846153800.0, -4.98267118e-06][0.0, -1.4663031e-06, -1.79515165e-05, -100000000000.0, -53846153800.0, 53846153800.0, -307692308000.0, 100000000000.0, 415384615000.0, -100000000000.0, -53846153800.0, 46153846200.0][-1.22468913e-06, 2.69272748e-06, -100000000000.0, -2.33369715e-05, 46153846200.0, -153846154000.0, 100000000000.0, -107692308000.0, -100000000000.0, 415384615000.0, 53846153800.0, -153846154000.0][-7.47382012e-23, 13461538500.0, 1.78849543e-06, -8.97575827e-07, 13461538500.0, -13461538500.0, 2.20770815e-06, -53846153800.0, -53846153800.0, 53846153800.0, 40384615400.0, -1.51788304e-06][11538461500.0, 3.73691006e-23, 0.0, 6.31991144e-06, -11538461500.0, 38461538500.0, -46153846200.0, -4.98267118e-06, 46153846200.0, -153846154000.0, -1.51788304e-06, 115384615000.0]

Element number 16------------------------------------------------------------------------------------------------------------------------------------------------------
[115384615000.0, 0.0, -153846154000.0, 46153846200.0, 38461538500.0, -11538461500.0, 5.38545496e-06, -46153846200.0, 0.0, -1.22468913e-06, -7.47382012e-23, 11538461500.0][0.0, 40384615400.0, 53846153800.0, -53846153800.0, -13461538500.0, 13461538500.0, -53846153800.0, 8.97575827e-07, -1.4663031e-06, 2.69272748e-06, 13461538500.0, 3.73691006e-23][-153846154000.0, 53846153800.0, 415384615000.0, -100000000000.0, -153846154000.0, 46153846200.0, -107692308000.0, 100000000000.0, -1.79515165e-05, -100000000000.0, 1.78849543e-06, 0.0][46153846200.0, -53846153800.0, -100000000000.0, 415384615000.0, 53846153800.0, -53846153800.0, 100000000000.0, -307692308000.0, -100000000000.0, -2.33369715e-05, -8.97575827e-07, 6.31991144e-06][38461538500.0, -13461538500.0, -153846154000.0, 53846153800.0, 155769231000.0, -75000000000.0, 8.97575827e-06, -4.71227309e-06, -53846153800.0, 46153846200.0, 13461538500.0, -11538461500.0][-11538461500.0, 13461538500.0, 46153846200.0, -53846153800.0, -75000000000.0, 155769231000.0, -3.1415154e-06, 1.32392435e-05, 53846153800.0, -153846154000.0, -13461538500.0, 38461538500.0][5.38545496e-06, -53846153800.0, -107692308000.0, 100000000000.0, 8.97575827e-06, -3.1415154e-06, 415384615000.0, -100000000000.0, -307692308000.0, 100000000000.0, 2.20770815e-06, -46153846200.0][-46153846200.0, 8.97575827e-07, 100000000000.0, -307692308000.0, -4.71227309e-06, 1.32392435e-05, -100000000000.0, 415384615000.0, 100000000000.0, -107692308000.0, -53846153800.0, -4.98267118e-06][0.0, -1.4663031e-06, -1.79515165e-05, -100000000000.0, -53846153800.0, 53846153800.0, -307692308000.0, 100000000000.0, 415384615000.0, -100000000000.0, -53846153800.0, 46153846200.0][-1.22468913e-06, 2.69272748e-06, -100000000000.0, -2.33369715e-05, 46153846200.0, -153846154000.0, 100000000000.0, -107692308000.0, -100000000000.0, 415384615000.0, 53846153800.0, -153846154000.0][-7.47382012e-23, 13461538500.0, 1.78849543e-06, -8.97575827e-07, 13461538500.0, -13461538500.0, 2.20770815e-06, -53846153800.0, -53846153800.0, 53846153800.0, 40384615400.0, -1.51788304e-06][11538461500.0, 3.73691006e-23, 0.0, 6.31991144e-06, -11538461500.0, 38461538500.0, -46153846200.0, -4.98267118e-06, 46153846200.0, -153846154000.0, -1.51788304e-06, 115384615000.0]

Element number 17------------------------------------------------------------------------------------------------------------------------------------------------------
