
Element number 1------------------------------------------------------------------------------------------------------------------------------------------------------
[115384615000.0, 0.0, -153846154000.0, 46153846200.0, 38461538500.0, -11538461500.0, -4.57763672e-05, -46153846200.0, 5.23158482e-05, -3.08409411e-06, -1.51255883e-21, 11538461500.0][0.0, 40384615400.0, 53846153800.0, -53846153800.0, -13461538500.0, 13461538500.0, -53846153800.0, -1.36239188e-05, -3.54394697e-06, 1.85285296e-05, 13461538500.0, -5.74772357e-22][-153846154000.0, 53846153800.0, 415384615000.0, -100000000000.0, -153846154000.0, 46153846200.0, -107692308000.0, 100000000000.0, -0.000102451869, -100000000000.0, 3.12149862e-06, -1.22615269e-06][46153846200.0, -53846153800.0, -100000000000.0, 415384615000.0, 53846153800.0, -53846153800.0, 100000000000.0, -307692308000.0, -100000000000.0, -7.30242048e-05, -1.90734863e-06, 1.03392018e-05][38461538500.0, -13461538500.0, -153846154000.0, 53846153800.0, 155769231000.0, -75000000000.0, 1.79835728e-05, 1.33514404e-05, -53846153800.0, 46153846200.0, 13461538500.0, -11538461500.0][-11538461500.0, 13461538500.0, 46153846200.0, -53846153800.0, -75000000000.0, 155769231000.0, 9.53674316e-06, -2.80652727e-05, 53846153800.0, -153846154000.0, -13461538500.0, 38461538500.0][-4.57763672e-05, -53846153800.0, -107692308000.0, 100000000000.0, 1.79835728e-05, 9.53674316e-06, 415384615000.0, -100000000000.0, -307692308000.0, 100000000000.0, 5.49945771e-06, -46153846200.0][-46153846200.0, -1.36239188e-05, 100000000000.0, -307692308000.0, 1.33514404e-05, -2.80652727e-05, -100000000000.0, 415384615000.0, 100000000000.0, -107692308000.0, -53846153800.0, -8.16281478e-06][5.23158482e-05, -3.54394697e-06, -0.000102451869, -100000000000.0, -53846153800.0, 53846153800.0, -307692308000.0, 100000000000.0, 415384615000.0, -100000000000.0, -53846153800.0, 46153846200.0][-3.08409411e-06, 1.85285296e-05, -100000000000.0, -7.30242048e-05, 46153846200.0, -153846154000.0, 100000000000.0, -107692308000.0, -100000000000.0, 415384615000.0, 53846153800.0, -153846154000.0][-1.51255883e-21, 13461538500.0, 3.12149862e-06, -1.90734863e-06, 13461538500.0, -13461538500.0, 5.49945771e-06, -53846153800.0, -53846153800.0, 53846153800.0, 40384615400.0, -3.26057208e-06][11538461500.0, -5.74772357e-22, -1.22615269e-06, 1.03392018e-05, -11538461500.0, 38461538500.0, -46153846200.0, -8.16281478e-06, 46153846200.0, -153846154000.0, -3.26057208e-06, 115384615000.0]

Element number 2------------------------------------------------------------------------------------------------------------------------------------------------------
[115384615000.0, 0.0, -153846154000.0, 46153846200.0, 38461538500.0, -11538461500.0, -4.57763672e-05, -46153846200.0, 5.23158482e-05, -3.08409411e-06, -1.51255883e-21, 11538461500.0][0.0, 40384615400.0, 53846153800.0, -53846153800.0, -13461538500.0, 13461538500.0, -53846153800.0, -1.36239188e-05, -3.54394697e-06, 1.85285296e-05, 13461538500.0, -5.74772357e-22][-153846154000.0, 53846153800.0, 415384615000.0, -100000000000.0, -153846154000.0, 46153846200.0, -107692308000.0, 100000000000.0, -0.000102451869, -100000000000.0, 3.12149862e-06, -1.22615269e-06][46153846200.0, -53846153800.0, -100000000000.0, 415384615000.0, 53846153800.0, -53846153800.0, 100000000000.0, -307692308000.0, -100000000000.0, -7.30242048e-05, -1.90734863e-06, 1.03392018e-05][38461538500.0, -13461538500.0, -153846154000.0, 53846153800.0, 155769231000.0, -75000000000.0, 1.79835728e-05, 1.33514404e-05, -53846153800.0, 46153846200.0, 13461538500.0, -11538461500.0][-11538461500.0, 13461538500.0, 46153846200.0, -53846153800.0, -75000000000.0, 155769231000.0, 9.53674316e-06, -2.80652727e-05, 53846153800.0, -153846154000.0, -13461538500.0, 38461538500.0][-4.57763672e-05, -53846153800.0, -107692308000.0, 100000000000.0, 1.79835728e-05, 9.53674316e-06, 415384615000.0, -100000000000.0, -307692308000.0, 100000000000.0, 5.49945771e-06, -46153846200.0][-46153846200.0, -1.36239188e-05, 100000000000.0, -307692308000.0, 1.33514404e-05, -2.80652727e-05, -100000000000.0, 415384615000.0, 100000000000.0, -107692308000.0, -53846153800.0, -8.16281478e-06][5.23158482e-05, -3.54394697e-06, -0.000102451869, -100000000000.0, -53846153800.0, 53846153800.0, -307692308000.0, 100000000000.0, 415384615000.0, -100000000000.0, -53846153800.0, 46153846200.0][-3.08409411e-06, 1.85285296e-05, -100000000000.0, -7.30242048e-05, 46153846200.0, -153846154000.0, 100000000000.0, -107692308000.0, -100000000000.0, 415384615000.0, 53846153800.0, -153846154000.0][-1.51255883e-21, 13461538500.0, 3.12149862e-06, -1.90734863e-06, 13461538500.0, -13461538500.0, 5.49945771e-06, -53846153800.0, -53846153800.0, 53846153800.0, 40384615400.0, -3.26057208e-06][11538461500.0, -5.74772357e-22, -1.22615269e-06, 1.03392018e-05, -11538461500.0, 38461538500.0, -46153846200.0, -8.16281478e-06, 46153846200.0, -153846154000.0, -3.26057208e-06, 115384615000.0]

Element number 3------------------------------------------------------------------------------------------------------------------------------------------------------
[115384615000.0, 0.0, -153846154000.0, 46153846200.0, 38461538500.0, -11538461500.0, -4.57763672e-05, -46153846200.0, 5.23158482e-05, -3.08409411e-06, -1.51255883e-21, 11538461500.0][0.0, 40384615400.0, 53846153800.0, -53846153800.0, -13461538500.0, 13461538500.0, -53846153800.0, -1.36239188e-05, -3.54394697e-06, 1.85285296e-05, 13461538500.0, -5.74772357e-22][-153846154000.0, 53846153800.0, 415384615000.0, -100000000000.0, -153846154000.0, 46153846200.0, -107692308000.0, 100000000000.0, -0.000102451869, -100000000000.0, 3.12149862e-06, -1.22615269e-06][46153846200.0, -53846153800.0, -100000000000.0, 415384615000.0, 53846153800.0, -53846153800.0, 100000000000.0, -307692308000.0, -100000000000.0, -7.30242048e-05, -1.90734863e-06, 1.03392018e-05][38461538500.0, -13461538500.0, -153846154000.0, 53846153800.0, 155769231000.0, -75000000000.0, 1.79835728e-05, 1.33514404e-05, -53846153800.0, 46153846200.0, 13461538500.0, -11538461500.0][-11538461500.0, 13461538500.0, 46153846200.0, -53846153800.0, -75000000000.0, 155769231000.0, 9.53674316e-06, -2.80652727e-05, 53846153800.0, -153846154000.0, -13461538500.0, 38461538500.0][-4.57763672e-05, -53846153800.0, -107692308000.0, 100000000000.0, 1.79835728e-05, 9.53674316e-06, 415384615000.0, -100000000000.0, -307692308000.0, 100000000000.0, 5.49945771e-06, -46153846200.0][-46153846200.0, -1.36239188e-05, 100000000000.0, -307692308000.0, 1.33514404e-05, -2.80652727e-05, -100000000000.0, 415384615000.0, 100000000000.0, -107692308000.0, -53846153800.0, -8.16281478e-06][5.23158482e-05, -3.54394697e-06, -0.000102451869, -100000000000.0, -53846153800.0, 53846153800.0, -307692308000.0, 100000000000.0, 415384615000.0, -100000000000.0, -53846153800.0, 46153846200.0][-3.08409411e-06, 1.85285296e-05, -100000000000.0, -7.30242048e-05, 46153846200.0, -153846154000.0, 100000000000.0, -107692308000.0, -100000000000.0, 415384615000.0, 53846153800.0, -153846154000.0][-1.51255883e-21, 13461538500.0, 3.12149862e-06, -1.90734863e-06, 13461538500.0, -13461538500.0, 5.49945771e-06, -53846153800.0, -53846153800.0, 53846153800.0, 40384615400.0, -3.26057208e-06][11538461500.0, -5.74772357e-22, -1.22615269e-06, 1.03392018e-05, -11538461500.0, 38461538500.0, -46153846200.0, -8.16281478e-06, 46153846200.0, -153846154000.0, -3.26057208e-06, 115384615000.0]

Element number 4------------------------------------------------------------------------------------------------------------------------------------------------------
[115384615000.0, 0.0, -153846154000.0, 46153846200.0, 38461538500.0, -11538461500.0, -4.57763672e-05, -46153846200.0, 5.23158482e-05, -3.08409411e-06, -1.51255883e-21, 11538461500.0][0.0, 40384615400.0, 53846153800.0, -53846153800.0, -13461538500.0, 13461538500.0, -53846153800.0, -1.36239188e-05, -3.54394697e-06, 1.85285296e-05, 13461538500.0, -5.74772357e-22][-153846154000.0, 53846153800.0, 415384615000.0, -100000000000.0, -153846154000.0, 46153846200.0, -107692308000.0, 100000000000.0, -0.000102451869, -100000000000.0, 3.12149862e-06, -1.22615269e-06][46153846200.0, -53846153800.0, -100000000000.0, 415384615000.0, 53846153800.0, -53846153800.0, 100000000000.0, -307692308000.0, -100000000000.0, -7.30242048e-05, -1.90734863e-06, 1.03392018e-05][38461538500.0, -13461538500.0, -153846154000.0, 53846153800.0, 155769231000.0, -75000000000.0, 1.79835728e-05, 1.33514404e-05, -53846153800.0, 46153846200.0, 13461538500.0, -11538461500.0][-11538461500.0, 13461538500.0, 46153846200.0, -53846153800.0, -75000000000.0, 155769231000.0, 9.53674316e-06, -2.80652727e-05, 53846153800.0, -153846154000.0, -13461538500.0, 38461538500.0][-4.57763672e-05, -53846153800.0, -107692308000.0, 100000000000.0, 1.79835728e-05, 9.53674316e-06, 415384615000.0, -100000000000.0, -307692308000.0, 100000000000.0, 5.49945771e-06, -46153846200.0][-46153846200.0, -1.36239188e-05, 100000000000.0, -307692308000.0, 1.33514404e-05, -2.80652727e-05, -100000000000.0, 415384615000.0, 100000000000.0, -107692308000.0, -53846153800.0, -8.16281478e-06][5.23158482e-05, -3.54394697e-06, -0.000102451869, -100000000000.0, -53846153800.0, 53846153800.0, -307692308000.0, 100000000000.0, 415384615000.0, -100000000000.0, -53846153800.0, 46153846200.0][-3.08409411e-06, 1.85285296e-05, -100000000000.0, -7.30242048e-05, 46153846200.0, -153846154000.0, 100000000000.0, -107692308000.0, -100000000000.0, 415384615000.0, 53846153800.0, -153846154000.0][-1.51255883e-21, 13461538500.0, 3.12149862e-06, -1.90734863e-06, 13461538500.0, -13461538500.0, 5.49945771e-06, -53846153800.0, -53846153800.0, 53846153800.0, 40384615400.0, -3.26057208e-06][11538461500.0, -5.74772357e-22, -1.22615269e-06, 1.03392018e-05, -11538461500.0, 38461538500.0, -46153846200.0, -8.16281478e-06, 46153846200.0, -153846154000.0, -3.26057208e-06, 115384615000.0]

Element number 5------------------------------------------------------------------------------------------------------------------------------------------------------
[115384615000.0, 0.0, -153846154000.0, 46153846200.0, 38461538500.0, -11538461500.0, -4.57763672e-05, -46153846200.0, 5.23158482e-05, -3.08409411e-06, -1.51255883e-21, 11538461500.0][0.0, 40384615400.0, 53846153800.0, -53846153800.0, -13461538500.0, 13461538500.0, -53846153800.0, -1.36239188e-05, -3.54394697e-06, 1.85285296e-05, 13461538500.0, -5.74772357e-22][-153846154000.0, 53846153800.0, 415384615000.0, -100000000000.0, -153846154000.0, 46153846200.0, -107692308000.0, 100000000000.0, -0.000102451869, -100000000000.0, 3.12149862e-06, -1.22615269e-06][46153846200.0, -53846153800.0, -100000000000.0, 415384615000.0, 53846153800.0, -53846153800.0, 100000000000.0, -307692308000.0, -100000000000.0, -7.30242048e-05, -1.90734863e-06, 1.03392018e-05][38461538500.0, -13461538500.0, -153846154000.0, 53846153800.0, 155769231000.0, -75000000000.0, 1.79835728e-05, 1.33514404e-05, -53846153800.0, 46153846200.0, 13461538500.0, -11538461500.0][-11538461500.0, 13461538500.0, 46153846200.0, -53846153800.0, -75000000000.0, 155769231000.0, 9.53674316e-06, -2.80652727e-05, 53846153800.0, -153846154000.0, -13461538500.0, 38461538500.0][-4.57763672e-05, -53846153800.0, -107692308000.0, 100000000000.0, 1.79835728e-05, 9.53674316e-06, 415384615000.0, -100000000000.0, -307692308000.0, 100000000000.0, 5.49945771e-06, -46153846200.0][-46153846200.0, -1.36239188e-05, 100000000000.0, -307692308000.0, 1.33514404e-05, -2.80652727e-05, -100000000000.0, 415384615000.0, 100000000000.0, -107692308000.0, -53846153800.0, -8.16281478e-06][5.23158482e-05, -3.54394697e-06, -0.000102451869, -100000000000.0, -53846153800.0, 53846153800.0, -307692308000.0, 100000000000.0, 415384615000.0, -100000000000.0, -53846153800.0, 46153846200.0][-3.08409411e-06, 1.85285296e-05, -100000000000.0, -7.30242048e-05, 46153846200.0, -153846154000.0, 100000000000.0, -107692308000.0, -100000000000.0, 415384615000.0, 53846153800.0, -153846154000.0][-1.51255883e-21, 13461538500.0, 3.12149862e-06, -1.90734863e-06, 13461538500.0, -13461538500.0, 5.49945771e-06, -53846153800.0, -53846153800.0, 53846153800.0, 40384615400.0, -3.26057208e-06][11538461500.0, -5.74772357e-22, -1.22615269e-06, 1.03392018e-05, -11538461500.0, 38461538500.0, -46153846200.0, -8.16281478e-06, 46153846200.0, -153846154000.0, -3.26057208e-06, 115384615000.0]

Element number 6------------------------------------------------------------------------------------------------------------------------------------------------------
[115384615000.0, 0.0, -153846154000.0, 46153846200.0, 38461538500.0, -11538461500.0, -4.57763672e-05, -46153846200.0, 5.23158482e-05, -3.08409411e-06, -1.51255883e-21, 11538461500.0][0.0, 40384615400.0, 53846153800.0, -53846153800.0, -13461538500.0, 13461538500.0, -53846153800.0, -1.36239188e-05, -3.54394697e-06, 1.85285296e-05, 13461538500.0, -5.74772357e-22][-153846154000.0, 53846153800.0, 415384615000.0, -100000000000.0, -153846154000.0, 46153846200.0, -107692308000.0, 100000000000.0, -0.000102451869, -100000000000.0, 3.12149862e-06, -1.22615269e-06][46153846200.0, -53846153800.0, -100000000000.0, 415384615000.0, 53846153800.0, -53846153800.0, 100000000000.0, -307692308000.0, -100000000000.0, -7.30242048e-05, -1.90734863e-06, 1.03392018e-05][38461538500.0, -13461538500.0, -153846154000.0, 53846153800.0, 155769231000.0, -75000000000.0, 1.79835728e-05, 1.33514404e-05, -53846153800.0, 46153846200.0, 13461538500.0, -11538461500.0][-11538461500.0, 13461538500.0, 46153846200.0, -53846153800.0, -75000000000.0, 155769231000.0, 9.53674316e-06, -2.80652727e-05, 53846153800.0, -153846154000.0, -13461538500.0, 38461538500.0][-4.57763672e-05, -53846153800.0, -107692308000.0, 100000000000.0, 1.79835728e-05, 9.53674316e-06, 415384615000.0, -100000000000.0, -307692308000.0, 100000000000.0, 5.49945771e-06, -46153846200.0][-46153846200.0, -1.36239188e-05, 100000000000.0, -307692308000.0, 1.33514404e-05, -2.80652727e-05, -100000000000.0, 415384615000.0, 100000000000.0, -107692308000.0, -53846153800.0, -8.16281478e-06][5.23158482e-05, -3.54394697e-06, -0.000102451869, -100000000000.0, -53846153800.0, 53846153800.0, -307692308000.0, 100000000000.0, 415384615000.0, -100000000000.0, -53846153800.0, 46153846200.0][-3.08409411e-06, 1.85285296e-05, -100000000000.0, -7.30242048e-05, 46153846200.0, -153846154000.0, 100000000000.0, -107692308000.0, -100000000000.0, 415384615000.0, 53846153800.0, -153846154000.0][-1.51255883e-21, 13461538500.0, 3.12149862e-06, -1.90734863e-06, 13461538500.0, -13461538500.0, 5.49945771e-06, -53846153800.0, -53846153800.0, 53846153800.0, 40384615400.0, -3.26057208e-06][11538461500.0, -5.74772357e-22, -1.22615269e-06, 1.03392018e-05, -11538461500.0, 38461538500.0, -46153846200.0, -8.16281478e-06, 46153846200.0, -153846154000.0, -3.26057208e-06, 115384615000.0]

Element number 7------------------------------------------------------------------------------------------------------------------------------------------------------
[115384615000.0, 0.0, -153846154000.0, 46153846200.0, 38461538500.0, -11538461500.0, -4.57763672e-05, -46153846200.0, 5.23158482e-05, -3.08409411e-06, -1.51255883e-21, 11538461500.0][0.0, 40384615400.0, 53846153800.0, -53846153800.0, -13461538500.0, 13461538500.0, -53846153800.0, -1.36239188e-05, -3.54394697e-06, 1.85285296e-05, 13461538500.0, -5.74772357e-22][-153846154000.0, 53846153800.0, 415384615000.0, -100000000000.0, -153846154000.0, 46153846200.0, -107692308000.0, 100000000000.0, -0.000102451869, -100000000000.0, 3.12149862e-06, -1.22615269e-06][46153846200.0, -53846153800.0, -100000000000.0, 415384615000.0, 53846153800.0, -53846153800.0, 100000000000.0, -307692308000.0, -100000000000.0, -7.30242048e-05, -1.90734863e-06, 1.03392018e-05][38461538500.0, -13461538500.0, -153846154000.0, 53846153800.0, 155769231000.0, -75000000000.0, 1.79835728e-05, 1.33514404e-05, -53846153800.0, 46153846200.0, 13461538500.0, -11538461500.0][-11538461500.0, 13461538500.0, 46153846200.0, -53846153800.0, -75000000000.0, 155769231000.0, 9.53674316e-06, -2.80652727e-05, 53846153800.0, -153846154000.0, -13461538500.0, 38461538500.0][-4.57763672e-05, -53846153800.0, -107692308000.0, 100000000000.0, 1.79835728e-05, 9.53674316e-06, 415384615000.0, -100000000000.0, -307692308000.0, 100000000000.0, 5.49945771e-06, -46153846200.0][-46153846200.0, -1.36239188e-05, 100000000000.0, -307692308000.0, 1.33514404e-05, -2.80652727e-05, -100000000000.0, 415384615000.0, 100000000000.0, -107692308000.0, -53846153800.0, -8.16281478e-06][5.23158482e-05, -3.54394697e-06, -0.000102451869, -100000000000.0, -53846153800.0, 53846153800.0, -307692308000.0, 100000000000.0, 415384615000.0, -100000000000.0, -53846153800.0, 46153846200.0][-3.08409411e-06, 1.85285296e-05, -100000000000.0, -7.30242048e-05, 46153846200.0, -153846154000.0, 100000000000.0, -107692308000.0, -100000000000.0, 415384615000.0, 53846153800.0, -153846154000.0][-1.51255883e-21, 13461538500.0, 3.12149862e-06, -1.90734863e-06, 13461538500.0, -13461538500.0, 5.49945771e-06, -53846153800.0, -53846153800.0, 53846153800.0, 40384615400.0, -3.26057208e-06][11538461500.0, -5.74772357e-22, -1.22615269e-06, 1.03392018e-05, -11538461500.0, 38461538500.0, -46153846200.0, -8.16281478e-06, 46153846200.0, -153846154000.0, -3.26057208e-06, 115384615000.0]

Element number 8------------------------------------------------------------------------------------------------------------------------------------------------------
[115384615000.0, 0.0, -153846154000.0, 46153846200.0, 38461538500.0, -11538461500.0, -4.57763672e-05, -46153846200.0, 5.23158482e-05, -3.08409411e-06, -1.51255883e-21, 11538461500.0][0.0, 40384615400.0, 53846153800.0, -53846153800.0, -13461538500.0, 13461538500.0, -53846153800.0, -1.36239188e-05, -3.54394697e-06, 1.85285296e-05, 13461538500.0, -5.74772357e-22][-153846154000.0, 53846153800.0, 415384615000.0, -100000000000.0, -153846154000.0, 46153846200.0, -107692308000.0, 100000000000.0, -0.000102451869, -100000000000.0, 3.12149862e-06, -1.22615269e-06][46153846200.0, -53846153800.0, -100000000000.0, 415384615000.0, 53846153800.0, -53846153800.0, 100000000000.0, -307692308000.0, -100000000000.0, -7.30242048e-05, -1.90734863e-06, 1.03392018e-05][38461538500.0, -13461538500.0, -153846154000.0, 53846153800.0, 155769231000.0, -75000000000.0, 1.79835728e-05, 1.33514404e-05, -53846153800.0, 46153846200.0, 13461538500.0, -11538461500.0][-11538461500.0, 13461538500.0, 46153846200.0, -53846153800.0, -75000000000.0, 155769231000.0, 9.53674316e-06, -2.80652727e-05, 53846153800.0, -153846154000.0, -13461538500.0, 38461538500.0][-4.57763672e-05, -53846153800.0, -107692308000.0, 100000000000.0, 1.79835728e-05, 9.53674316e-06, 415384615000.0, -100000000000.0, -307692308000.0, 100000000000.0, 5.49945771e-06, -46153846200.0][-46153846200.0, -1.36239188e-05, 100000000000.0, -307692308000.0, 1.33514404e-05, -2.80652727e-05, -100000000000.0, 415384615000.0, 100000000000.0, -107692308000.0, -53846153800.0, -8.16281478e-06][5.23158482e-05, -3.54394697e-06, -0.000102451869, -100000000000.0, -53846153800.0, 53846153800.0, -307692308000.0, 100000000000.0, 415384615000.0, -100000000000.0, -53846153800.0, 46153846200.0][-3.08409411e-06, 1.85285296e-05, -100000000000.0, -7.30242048e-05, 46153846200.0, -153846154000.0, 100000000000.0, -107692308000.0, -100000000000.0, 415384615000.0, 53846153800.0, -153846154000.0][-1.51255883e-21, 13461538500.0, 3.12149862e-06, -1.90734863e-06, 13461538500.0, -13461538500.0, 5.49945771e-06, -53846153800.0, -53846153800.0, 53846153800.0, 40384615400.0, -3.26057208e-06][11538461500.0, -5.74772357e-22, -1.22615269e-06, 1.03392018e-05, -11538461500.0, 38461538500.0, -46153846200.0, -8.16281478e-06, 46153846200.0, -153846154000.0, -3.26057208e-06, 115384615000.0]

Element number 9------------------------------------------------------------------------------------------------------------------------------------------------------
[115384615000.0, 0.0, -153846154000.0, 46153846200.0, 38461538500.0, -11538461500.0, -4.57763672e-05, -46153846200.0, 5.23158482e-05, -3.08409411e-06, -1.51255883e-21, 11538461500.0][0.0, 40384615400.0, 53846153800.0, -53846153800.0, -13461538500.0, 13461538500.0, -53846153800.0, -1.36239188e-05, -3.54394697e-06, 1.85285296e-05, 13461538500.0, -5.74772357e-22][-153846154000.0, 53846153800.0, 415384615000.0, -100000000000.0, -153846154000.0, 46153846200.0, -107692308000.0, 100000000000.0, -0.000102451869, -100000000000.0, 3.12149862e-06, -1.22615269e-06][46153846200.0, -53846153800.0, -100000000000.0, 415384615000.0, 53846153800.0, -53846153800.0, 100000000000.0, -307692308000.0, -100000000000.0, -7.30242048e-05, -1.90734863e-06, 1.03392018e-05][38461538500.0, -13461538500.0, -153846154000.0, 53846153800.0, 155769231000.0, -75000000000.0, 1.79835728e-05, 1.33514404e-05, -53846153800.0, 46153846200.0, 13461538500.0, -11538461500.0][-11538461500.0, 13461538500.0, 46153846200.0, -53846153800.0, -75000000000.0, 155769231000.0, 9.53674316e-06, -2.80652727e-05, 53846153800.0, -153846154000.0, -13461538500.0, 38461538500.0][-4.57763672e-05, -53846153800.0, -107692308000.0, 100000000000.0, 1.79835728e-05, 9.53674316e-06, 415384615000.0, -100000000000.0, -307692308000.0, 100000000000.0, 5.49945771e-06, -46153846200.0][-46153846200.0, -1.36239188e-05, 100000000000.0, -307692308000.0, 1.33514404e-05, -2.80652727e-05, -100000000000.0, 415384615000.0, 100000000000.0, -107692308000.0, -53846153800.0, -8.16281478e-06][5.23158482e-05, -3.54394697e-06, -0.000102451869, -100000000000.0, -53846153800.0, 53846153800.0, -307692308000.0, 100000000000.0, 415384615000.0, -100000000000.0, -53846153800.0, 46153846200.0][-3.08409411e-06, 1.85285296e-05, -100000000000.0, -7.30242048e-05, 46153846200.0, -153846154000.0, 100000000000.0, -107692308000.0, -100000000000.0, 415384615000.0, 53846153800.0, -153846154000.0][-1.51255883e-21, 13461538500.0, 3.12149862e-06, -1.90734863e-06, 13461538500.0, -13461538500.0, 5.49945771e-06, -53846153800.0, -53846153800.0, 53846153800.0, 40384615400.0, -3.26057208e-06][11538461500.0, -5.74772357e-22, -1.22615269e-06, 1.03392018e-05, -11538461500.0, 38461538500.0, -46153846200.0, -8.16281478e-06, 46153846200.0, -153846154000.0, -3.26057208e-06, 115384615000.0]

Element number 10------------------------------------------------------------------------------------------------------------------------------------------------------
[115384615000.0, 0.0, -153846154000.0, 46153846200.0, 38461538500.0, -11538461500.0, -4.57763672e-05, -46153846200.0, 5.23158482e-05, -3.08409411e-06, -1.51255883e-21, 11538461500.0][0.0, 40384615400.0, 53846153800.0, -53846153800.0, -13461538500.0, 13461538500.0, -53846153800.0, -1.36239188e-05, -3.54394697e-06, 1.85285296e-05, 13461538500.0, -5.74772357e-22][-153846154000.0, 53846153800.0, 415384615000.0, -100000000000.0, -153846154000.0, 46153846200.0, -107692308000.0, 100000000000.0, -0.000102451869, -100000000000.0, 3.12149862e-06, -1.22615269e-06][46153846200.0, -53846153800.0, -100000000000.0, 415384615000.0, 53846153800.0, -53846153800.0, 100000000000.0, -307692308000.0, -100000000000.0, -7.30242048e-05, -1.90734863e-06, 1.03392018e-05][38461538500.0, -13461538500.0, -153846154000.0, 53846153800.0, 155769231000.0, -75000000000.0, 1.79835728e-05, 1.33514404e-05, -53846153800.0, 46153846200.0, 13461538500.0, -11538461500.0][-11538461500.0, 13461538500.0, 46153846200.0, -53846153800.0, -75000000000.0, 155769231000.0, 9.53674316e-06, -2.80652727e-05, 53846153800.0, -153846154000.0, -13461538500.0, 38461538500.0][-4.57763672e-05, -53846153800.0, -107692308000.0, 100000000000.0, 1.79835728e-05, 9.53674316e-06, 415384615000.0, -100000000000.0, -307692308000.0, 100000000000.0, 5.49945771e-06, -46153846200.0][-46153846200.0, -1.36239188e-05, 100000000000.0, -307692308000.0, 1.33514404e-05, -2.80652727e-05, -100000000000.0, 415384615000.0, 100000000000.0, -107692308000.0, -53846153800.0, -8.16281478e-06][5.23158482e-05, -3.54394697e-06, -0.000102451869, -100000000000.0, -53846153800.0, 53846153800.0, -307692308000.0, 100000000000.0, 415384615000.0, -100000000000.0, -53846153800.0, 46153846200.0][-3.08409411e-06, 1.85285296e-05, -100000000000.0, -7.30242048e-05, 46153846200.0, -153846154000.0, 100000000000.0, -107692308000.0, -100000000000.0, 415384615000.0, 53846153800.0, -153846154000.0][-1.51255883e-21, 13461538500.0, 3.12149862e-06, -1.90734863e-06, 13461538500.0, -13461538500.0, 5.49945771e-06, -53846153800.0, -53846153800.0, 53846153800.0, 40384615400.0, -3.26057208e-06][11538461500.0, -5.74772357e-22, -1.22615269e-06, 1.03392018e-05, -11538461500.0, 38461538500.0, -46153846200.0, -8.16281478e-06, 46153846200.0, -153846154000.0, -3.26057208e-06, 115384615000.0]

Element number 11------------------------------------------------------------------------------------------------------------------------------------------------------
[115384615000.0, 0.0, -153846154000.0, 46153846200.0, 38461538500.0, -11538461500.0, -4.57763672e-05, -46153846200.0, 5.23158482e-05, -3.08409411e-06, -1.51255883e-21, 11538461500.0][0.0, 40384615400.0, 53846153800.0, -53846153800.0, -13461538500.0, 13461538500.0, -53846153800.0, -1.36239188e-05, -3.54394697e-06, 1.85285296e-05, 13461538500.0, -5.74772357e-22][-153846154000.0, 53846153800.0, 415384615000.0, -100000000000.0, -153846154000.0, 46153846200.0, -107692308000.0, 100000000000.0, -0.000102451869, -100000000000.0, 3.12149862e-06, -1.22615269e-06][46153846200.0, -53846153800.0, -100000000000.0, 415384615000.0, 53846153800.0, -53846153800.0, 100000000000.0, -307692308000.0, -100000000000.0, -7.30242048e-05, -1.90734863e-06, 1.03392018e-05][38461538500.0, -13461538500.0, -153846154000.0, 53846153800.0, 155769231000.0, -75000000000.0, 1.79835728e-05, 1.33514404e-05, -53846153800.0, 46153846200.0, 13461538500.0, -11538461500.0][-11538461500.0, 13461538500.0, 46153846200.0, -53846153800.0, -75000000000.0, 155769231000.0, 9.53674316e-06, -2.80652727e-05, 53846153800.0, -153846154000.0, -13461538500.0, 38461538500.0][-4.57763672e-05, -53846153800.0, -107692308000.0, 100000000000.0, 1.79835728e-05, 9.53674316e-06, 415384615000.0, -100000000000.0, -307692308000.0, 100000000000.0, 5.49945771e-06, -46153846200.0][-46153846200.0, -1.36239188e-05, 100000000000.0, -307692308000.0, 1.33514404e-05, -2.80652727e-05, -100000000000.0, 415384615000.0, 100000000000.0, -107692308000.0, -53846153800.0, -8.16281478e-06][5.23158482e-05, -3.54394697e-06, -0.000102451869, -100000000000.0, -53846153800.0, 53846153800.0, -307692308000.0, 100000000000.0, 415384615000.0, -100000000000.0, -53846153800.0, 46153846200.0][-3.08409411e-06, 1.85285296e-05, -100000000000.0, -7.30242048e-05, 46153846200.0, -153846154000.0, 100000000000.0, -107692308000.0, -100000000000.0, 415384615000.0, 53846153800.0, -153846154000.0][-1.51255883e-21, 13461538500.0, 3.12149862e-06, -1.90734863e-06, 13461538500.0, -13461538500.0, 5.49945771e-06, -53846153800.0, -53846153800.0, 53846153800.0, 40384615400.0, -3.26057208e-06][11538461500.0, -5.74772357e-22, -1.22615269e-06, 1.03392018e-05, -11538461500.0, 38461538500.0, -46153846200.0, -8.16281478e-06, 46153846200.0, -153846154000.0, -3.26057208e-06, 115384615000.0]

Element number 12------------------------------------------------------------------------------------------------------------------------------------------------------
[115384615000.0, 0.0, -153846154000.0, 46153846200.0, 38461538500.0, -11538461500.0, -4.57763672e-05, -46153846200.0, 5.23158482e-05, -3.08409411e-06, -1.51255883e-21, 11538461500.0][0.0, 40384615400.0, 53846153800.0, -53846153800.0, -13461538500.0, 13461538500.0, -53846153800.0, -1.36239188e-05, -3.54394697e-06, 1.85285296e-05, 13461538500.0, -5.74772357e-22][-153846154000.0, 53846153800.0, 415384615000.0, -100000000000.0, -153846154000.0, 46153846200.0, -107692308000.0, 100000000000.0, -0.000102451869, -100000000000.0, 3.12149862e-06, -1.22615269e-06][46153846200.0, -53846153800.0, -100000000000.0, 415384615000.0, 53846153800.0, -53846153800.0, 100000000000.0, -307692308000.0, -100000000000.0, -7.30242048e-05, -1.90734863e-06, 1.03392018e-05][38461538500.0, -13461538500.0, -153846154000.0, 53846153800.0, 155769231000.0, -75000000000.0, 1.79835728e-05, 1.33514404e-05, -53846153800.0, 46153846200.0, 13461538500.0, -11538461500.0][-11538461500.0, 13461538500.0, 46153846200.0, -53846153800.0, -75000000000.0, 155769231000.0, 9.53674316e-06, -2.80652727e-05, 53846153800.0, -153846154000.0, -13461538500.0, 38461538500.0][-4.57763672e-05, -53846153800.0, -107692308000.0, 100000000000.0, 1.79835728e-05, 9.53674316e-06, 415384615000.0, -100000000000.0, -307692308000.0, 100000000000.0, 5.49945771e-06, -46153846200.0][-46153846200.0, -1.36239188e-05, 100000000000.0, -307692308000.0, 1.33514404e-05, -2.80652727e-05, -100000000000.0, 415384615000.0, 100000000000.0, -107692308000.0, -53846153800.0, -8.16281478e-06][5.23158482e-05, -3.54394697e-06, -0.000102451869, -100000000000.0, -53846153800.0, 53846153800.0, -307692308000.0, 100000000000.0, 415384615000.0, -100000000000.0, -53846153800.0, 46153846200.0][-3.08409411e-06, 1.85285296e-05, -100000000000.0, -7.30242048e-05, 46153846200.0, -153846154000.0, 100000000000.0, -107692308000.0, -100000000000.0, 415384615000.0, 53846153800.0, -153846154000.0][-1.51255883e-21, 13461538500.0, 3.12149862e-06, -1.90734863e-06, 13461538500.0, -13461538500.0, 5.49945771e-06, -53846153800.0, -53846153800.0, 53846153800.0, 40384615400.0, -3.26057208e-06][11538461500.0, -5.74772357e-22, -1.22615269e-06, 1.03392018e-05, -11538461500.0, 38461538500.0, -46153846200.0, -8.16281478e-06, 46153846200.0, -153846154000.0, -3.26057208e-06, 115384615000.0]

Element number 13------------------------------------------------------------------------------------------------------------------------------------------------------
[115384615000.0, 0.0, -153846154000.0, 46153846200.0, 38461538500.0, -11538461500.0, -4.57763672e-05, -46153846200.0, 5.23158482e-05, -3.08409411e-06, -1.51255883e-21, 11538461500.0][0.0, 40384615400.0, 53846153800.0, -53846153800.0, -13461538500.0, 13461538500.0, -53846153800.0, -1.36239188e-05, -3.54394697e-06, 1.85285296e-05, 13461538500.0, -5.74772357e-22][-153846154000.0, 53846153800.0, 415384615000.0, -100000000000.0, -153846154000.0, 46153846200.0, -107692308000.0, 100000000000.0, -0.000102451869, -100000000000.0, 3.12149862e-06, -1.22615269e-06][46153846200.0, -53846153800.0, -100000000000.0, 415384615000.0, 53846153800.0, -53846153800.0, 100000000000.0, -307692308000.0, -100000000000.0, -7.30242048e-05, -1.90734863e-06, 1.03392018e-05][38461538500.0, -13461538500.0, -153846154000.0, 53846153800.0, 155769231000.0, -75000000000.0, 1.79835728e-05, 1.33514404e-05, -53846153800.0, 46153846200.0, 13461538500.0, -11538461500.0][-11538461500.0, 13461538500.0, 46153846200.0, -53846153800.0, -75000000000.0, 155769231000.0, 9.53674316e-06, -2.80652727e-05, 53846153800.0, -153846154000.0, -13461538500.0, 38461538500.0][-4.57763672e-05, -53846153800.0, -107692308000.0, 100000000000.0, 1.79835728e-05, 9.53674316e-06, 415384615000.0, -100000000000.0, -307692308000.0, 100000000000.0, 5.49945771e-06, -46153846200.0][-46153846200.0, -1.36239188e-05, 100000000000.0, -307692308000.0, 1.33514404e-05, -2.80652727e-05, -100000000000.0, 415384615000.0, 100000000000.0, -107692308000.0, -53846153800.0, -8.16281478e-06][5.23158482e-05, -3.54394697e-06, -0.000102451869, -100000000000.0, -53846153800.0, 53846153800.0, -307692308000.0, 100000000000.0, 415384615000.0, -100000000000.0, -53846153800.0, 46153846200.0][-3.08409411e-06, 1.85285296e-05, -100000000000.0, -7.30242048e-05, 46153846200.0, -153846154000.0, 100000000000.0, -107692308000.0, -100000000000.0, 415384615000.0, 53846153800.0, -153846154000.0][-1.51255883e-21, 13461538500.0, 3.12149862e-06, -1.90734863e-06, 13461538500.0, -13461538500.0, 5.49945771e-06, -53846153800.0, -53846153800.0, 53846153800.0, 40384615400.0, -3.26057208e-06][11538461500.0, -5.74772357e-22, -1.22615269e-06, 1.03392018e-05, -11538461500.0, 38461538500.0, -46153846200.0, -8.16281478e-06, 46153846200.0, -153846154000.0, -3.26057208e-06, 115384615000.0]

Element number 14------------------------------------------------------------------------------------------------------------------------------------------------------
[115384615000.0, 0.0, -153846154000.0, 46153846200.0, 38461538500.0, -11538461500.0, -4.57763672e-05, -46153846200.0, 5.23158482e-05, -3.08409411e-06, -1.51255883e-21, 11538461500.0][0.0, 40384615400.0, 53846153800.0, -53846153800.0, -13461538500.0, 13461538500.0, -53846153800.0, -1.36239188e-05, -3.54394697e-06, 1.85285296e-05, 13461538500.0, -5.74772357e-22][-153846154000.0, 53846153800.0, 415384615000.0, -100000000000.0, -153846154000.0, 46153846200.0, -107692308000.0, 100000000000.0, -0.000102451869, -100000000000.0, 3.12149862e-06, -1.22615269e-06][46153846200.0, -53846153800.0, -100000000000.0, 415384615000.0, 53846153800.0, -53846153800.0, 100000000000.0, -307692308000.0, -100000000000.0, -7.30242048e-05, -1.90734863e-06, 1.03392018e-05][38461538500.0, -13461538500.0, -153846154000.0, 53846153800.0, 155769231000.0, -75000000000.0, 1.79835728e-05, 1.33514404e-05, -53846153800.0, 46153846200.0, 13461538500.0, -11538461500.0][-11538461500.0, 13461538500.0, 46153846200.0, -53846153800.0, -75000000000.0, 155769231000.0, 9.53674316e-06, -2.80652727e-05, 53846153800.0, -153846154000.0, -13461538500.0, 38461538500.0][-4.57763672e-05, -53846153800.0, -107692308000.0, 100000000000.0, 1.79835728e-05, 9.53674316e-06, 415384615000.0, -100000000000.0, -307692308000.0, 100000000000.0, 5.49945771e-06, -46153846200.0][-46153846200.0, -1.36239188e-05, 100000000000.0, -307692308000.0, 1.33514404e-05, -2.80652727e-05, -100000000000.0, 415384615000.0, 100000000000.0, -107692308000.0, -53846153800.0, -8.16281478e-06][5.23158482e-05, -3.54394697e-06, -0.000102451869, -100000000000.0, -53846153800.0, 53846153800.0, -307692308000.0, 100000000000.0, 415384615000.0, -100000000000.0, -53846153800.0, 46153846200.0][-3.08409411e-06, 1.85285296e-05, -100000000000.0, -7.30242048e-05, 46153846200.0, -153846154000.0, 100000000000.0, -107692308000.0, -100000000000.0, 415384615000.0, 53846153800.0, -153846154000.0][-1.51255883e-21, 13461538500.0, 3.12149862e-06, -1.90734863e-06, 13461538500.0, -13461538500.0, 5.49945771e-06, -53846153800.0, -53846153800.0, 53846153800.0, 40384615400.0, -3.26057208e-06][11538461500.0, -5.74772357e-22, -1.22615269e-06, 1.03392018e-05, -11538461500.0, 38461538500.0, -46153846200.0, -8.16281478e-06, 46153846200.0, -153846154000.0, -3.26057208e-06, 115384615000.0]

Element number 15------------------------------------------------------------------------------------------------------------------------------------------------------
[115384615000.0, 0.0, -153846154000.0, 46153846200.0, 38461538500.0, -11538461500.0, -4.57763672e-05, -46153846200.0, 5.23158482e-05, -3.08409411e-06, -1.51255883e-21, 11538461500.0][0.0, 40384615400.0, 53846153800.0, -53846153800.0, -13461538500.0, 13461538500.0, -53846153800.0, -1.36239188e-05, -3.54394697e-06, 1.85285296e-05, 13461538500.0, -5.74772357e-22][-153846154000.0, 53846153800.0, 415384615000.0, -100000000000.0, -153846154000.0, 46153846200.0, -107692308000.0, 100000000000.0, -0.000102451869, -100000000000.0, 3.12149862e-06, -1.22615269e-06][46153846200.0, -53846153800.0, -100000000000.0, 415384615000.0, 53846153800.0, -53846153800.0, 100000000000.0, -307692308000.0, -100000000000.0, -7.30242048e-05, -1.90734863e-06, 1.03392018e-05][38461538500.0, -13461538500.0, -153846154000.0, 53846153800.0, 155769231000.0, -75000000000.0, 1.79835728e-05, 1.33514404e-05, -53846153800.0, 46153846200.0, 13461538500.0, -11538461500.0][-11538461500.0, 13461538500.0, 46153846200.0, -53846153800.0, -75000000000.0, 155769231000.0, 9.53674316e-06, -2.80652727e-05, 53846153800.0, -153846154000.0, -13461538500.0, 38461538500.0][-4.57763672e-05, -53846153800.0, -107692308000.0, 100000000000.0, 1.79835728e-05, 9.53674316e-06, 415384615000.0, -100000000000.0, -307692308000.0, 100000000000.0, 5.49945771e-06, -46153846200.0][-46153846200.0, -1.36239188e-05, 100000000000.0, -307692308000.0, 1.33514404e-05, -2.80652727e-05, -100000000000.0, 415384615000.0, 100000000000.0, -107692308000.0, -53846153800.0, -8.16281478e-06][5.23158482e-05, -3.54394697e-06, -0.000102451869, -100000000000.0, -53846153800.0, 53846153800.0, -307692308000.0, 100000000000.0, 415384615000.0, -100000000000.0, -53846153800.0, 46153846200.0][-3.08409411e-06, 1.85285296e-05, -100000000000.0, -7.30242048e-05, 46153846200.0, -153846154000.0, 100000000000.0, -107692308000.0, -100000000000.0, 415384615000.0, 53846153800.0, -153846154000.0][-1.51255883e-21, 13461538500.0, 3.12149862e-06, -1.90734863e-06, 13461538500.0, -13461538500.0, 5.49945771e-06, -53846153800.0, -53846153800.0, 53846153800.0, 40384615400.0, -3.26057208e-06][11538461500.0, -5.74772357e-22, -1.22615269e-06, 1.03392018e-05, -11538461500.0, 38461538500.0, -46153846200.0, -8.16281478e-06, 46153846200.0, -153846154000.0, -3.26057208e-06, 115384615000.0]

Element number 16------------------------------------------------------------------------------------------------------------------------------------------------------
[115384615000.0, 0.0, -153846154000.0, 46153846200.0, 38461538500.0, -11538461500.0, -4.57763672e-05, -46153846200.0, 5.23158482e-05, -3.08409411e-06, -1.51255883e-21, 11538461500.0][0.0, 40384615400.0, 53846153800.0, -53846153800.0, -13461538500.0, 13461538500.0, -53846153800.0, -1.36239188e-05, -3.54394697e-06, 1.85285296e-05, 13461538500.0, -5.74772357e-22][-153846154000.0, 53846153800.0, 415384615000.0, -100000000000.0, -153846154000.0, 46153846200.0, -107692308000.0, 100000000000.0, -0.000102451869, -100000000000.0, 3.12149862e-06, -1.22615269e-06][46153846200.0, -53846153800.0, -100000000000.0, 415384615000.0, 53846153800.0, -53846153800.0, 100000000000.0, -307692308000.0, -100000000000.0, -7.30242048e-05, -1.90734863e-06, 1.03392018e-05][38461538500.0, -13461538500.0, -153846154000.0, 53846153800.0, 155769231000.0, -75000000000.0, 1.79835728e-05, 1.33514404e-05, -53846153800.0, 46153846200.0, 13461538500.0, -11538461500.0][-11538461500.0, 13461538500.0, 46153846200.0, -53846153800.0, -75000000000.0, 155769231000.0, 9.53674316e-06, -2.80652727e-05, 53846153800.0, -153846154000.0, -13461538500.0, 38461538500.0][-4.57763672e-05, -53846153800.0, -107692308000.0, 100000000000.0, 1.79835728e-05, 9.53674316e-06, 415384615000.0, -100000000000.0, -307692308000.0, 100000000000.0, 5.49945771e-06, -46153846200.0][-46153846200.0, -1.36239188e-05, 100000000000.0, -307692308000.0, 1.33514404e-05, -2.80652727e-05, -100000000000.0, 415384615000.0, 100000000000.0, -107692308000.0, -53846153800.0, -8.16281478e-06][5.23158482e-05, -3.54394697e-06, -0.000102451869, -100000000000.0, -53846153800.0, 53846153800.0, -307692308000.0, 100000000000.0, 415384615000.0, -100000000000.0, -53846153800.0, 46153846200.0][-3.08409411e-06, 1.85285296e-05, -100000000000.0, -7.30242048e-05, 46153846200.0, -153846154000.0, 100000000000.0, -107692308000.0, -100000000000.0, 415384615000.0, 53846153800.0, -153846154000.0][-1.51255883e-21, 13461538500.0, 3.12149862e-06, -1.90734863e-06, 13461538500.0, -13461538500.0, 5.49945771e-06, -53846153800.0, -53846153800.0, 53846153800.0, 40384615400.0, -3.26057208e-06][11538461500.0, -5.74772357e-22, -1.22615269e-06, 1.03392018e-05, -11538461500.0, 38461538500.0, -46153846200.0, -8.16281478e-06, 46153846200.0, -153846154000.0, -3.26057208e-06, 115384615000.0]

Element number 17------------------------------------------------------------------------------------------------------------------------------------------------------
