
Element number 1------------------------------------------------------------------------------------------------------------------------------------------------------
[115384615000.0, 0.0, -153846154000.0, 46153846200.0, 38461538500.0, -11538461500.0, 3.30607096e-05, -46153846200.0, -3.30607096e-05, 2.81735698e-06, -9.17619026e-22, 11538461500.0][0.0, 40384615400.0, 53846153800.0, -53846153800.0, -13461538500.0, 13461538500.0, -53846153800.0, 8.90096029e-06, 3.19642907e-06, -1.14440918e-05, 13461538500.0, -2.47051276e-22][-153846154000.0, 53846153800.0, 415384615000.0, -100000000000.0, -153846154000.0, 46153846200.0, -107692308000.0, 100000000000.0, 5.34057617e-05, -100000000000.0, -2.66684796e-06, -2.54313151e-06][46153846200.0, -53846153800.0, -100000000000.0, 415384615000.0, 53846153800.0, -53846153800.0, 100000000000.0, -307692308000.0, -100000000000.0, 4.19616699e-05, -3.01996867e-06, -6.27261841e-06][38461538500.0, -13461538500.0, -153846154000.0, 53846153800.0, 155769231000.0, -75000000000.0, -1.90734863e-05, 5.24520874e-06, -53846153800.0, 46153846200.0, 13461538500.0, -11538461500.0][-11538461500.0, 13461538500.0, 46153846200.0, -53846153800.0, -75000000000.0, 155769231000.0, 6.5167745e-06, -1.09672546e-05, 53846153800.0, -153846154000.0, -13461538500.0, 38461538500.0][3.30607096e-05, -53846153800.0, -107692308000.0, 100000000000.0, -1.90734863e-05, 6.5167745e-06, 415384615000.0, -100000000000.0, -307692308000.0, 100000000000.0, -6.75449577e-06, -46153846200.0][-46153846200.0, 8.90096029e-06, 100000000000.0, -307692308000.0, 5.24520874e-06, -1.09672546e-05, -100000000000.0, 415384615000.0, 100000000000.0, -107692308000.0, -53846153800.0, 4.35333585e-06][-3.30607096e-05, 3.19642907e-06, 5.34057617e-05, -100000000000.0, -53846153800.0, 53846153800.0, -307692308000.0, 100000000000.0, 415384615000.0, -100000000000.0, -53846153800.0, 46153846200.0][2.81735698e-06, -1.14440918e-05, -100000000000.0, 4.19616699e-05, 46153846200.0, -153846154000.0, 100000000000.0, -107692308000.0, -100000000000.0, 415384615000.0, 53846153800.0, -153846154000.0][-9.17619026e-22, 13461538500.0, -2.66684796e-06, -3.01996867e-06, 13461538500.0, -13461538500.0, -6.75449577e-06, -53846153800.0, -53846153800.0, 53846153800.0, 40384615400.0, 2.77555756e-06][11538461500.0, -2.47051276e-22, -2.54313151e-06, -6.27261841e-06, -11538461500.0, 38461538500.0, -46153846200.0, 4.35333585e-06, 46153846200.0, -153846154000.0, 2.77555756e-06, 115384615000.0]

Element number 2------------------------------------------------------------------------------------------------------------------------------------------------------
[115384615000.0, 0.0, -153846154000.0, 46153846200.0, 38461538500.0, -11538461500.0, 3.30607096e-05, -46153846200.0, -3.30607096e-05, 2.81735698e-06, -9.17619026e-22, 11538461500.0][0.0, 40384615400.0, 53846153800.0, -53846153800.0, -13461538500.0, 13461538500.0, -53846153800.0, 8.90096029e-06, 3.19642907e-06, -1.14440918e-05, 13461538500.0, -2.47051276e-22][-153846154000.0, 53846153800.0, 415384615000.0, -100000000000.0, -153846154000.0, 46153846200.0, -107692308000.0, 100000000000.0, 5.34057617e-05, -100000000000.0, -2.66684796e-06, -2.54313151e-06][46153846200.0, -53846153800.0, -100000000000.0, 415384615000.0, 53846153800.0, -53846153800.0, 100000000000.0, -307692308000.0, -100000000000.0, 4.19616699e-05, -3.01996867e-06, -6.27261841e-06][38461538500.0, -13461538500.0, -153846154000.0, 53846153800.0, 155769231000.0, -75000000000.0, -1.90734863e-05, 5.24520874e-06, -53846153800.0, 46153846200.0, 13461538500.0, -11538461500.0][-11538461500.0, 13461538500.0, 46153846200.0, -53846153800.0, -75000000000.0, 155769231000.0, 6.5167745e-06, -1.09672546e-05, 53846153800.0, -153846154000.0, -13461538500.0, 38461538500.0][3.30607096e-05, -53846153800.0, -107692308000.0, 100000000000.0, -1.90734863e-05, 6.5167745e-06, 415384615000.0, -100000000000.0, -307692308000.0, 100000000000.0, -6.75449577e-06, -46153846200.0][-46153846200.0, 8.90096029e-06, 100000000000.0, -307692308000.0, 5.24520874e-06, -1.09672546e-05, -100000000000.0, 415384615000.0, 100000000000.0, -107692308000.0, -53846153800.0, 4.35333585e-06][-3.30607096e-05, 3.19642907e-06, 5.34057617e-05, -100000000000.0, -53846153800.0, 53846153800.0, -307692308000.0, 100000000000.0, 415384615000.0, -100000000000.0, -53846153800.0, 46153846200.0][2.81735698e-06, -1.14440918e-05, -100000000000.0, 4.19616699e-05, 46153846200.0, -153846154000.0, 100000000000.0, -107692308000.0, -100000000000.0, 415384615000.0, 53846153800.0, -153846154000.0][-9.17619026e-22, 13461538500.0, -2.66684796e-06, -3.01996867e-06, 13461538500.0, -13461538500.0, -6.75449577e-06, -53846153800.0, -53846153800.0, 53846153800.0, 40384615400.0, 2.77555756e-06][11538461500.0, -2.47051276e-22, -2.54313151e-06, -6.27261841e-06, -11538461500.0, 38461538500.0, -46153846200.0, 4.35333585e-06, 46153846200.0, -153846154000.0, 2.77555756e-06, 115384615000.0]

Element number 3------------------------------------------------------------------------------------------------------------------------------------------------------
[115384615000.0, 0.0, -153846154000.0, 46153846200.0, 38461538500.0, -11538461500.0, 3.30607096e-05, -46153846200.0, -3.30607096e-05, 2.81735698e-06, -9.17619026e-22, 11538461500.0][0.0, 40384615400.0, 53846153800.0, -53846153800.0, -13461538500.0, 13461538500.0, -53846153800.0, 8.90096029e-06, 3.19642907e-06, -1.14440918e-05, 13461538500.0, -2.47051276e-22][-153846154000.0, 53846153800.0, 415384615000.0, -100000000000.0, -153846154000.0, 46153846200.0, -107692308000.0, 100000000000.0, 5.34057617e-05, -100000000000.0, -2.66684796e-06, -2.54313151e-06][46153846200.0, -53846153800.0, -100000000000.0, 415384615000.0, 53846153800.0, -53846153800.0, 100000000000.0, -307692308000.0, -100000000000.0, 4.19616699e-05, -3.01996867e-06, -6.27261841e-06][38461538500.0, -13461538500.0, -153846154000.0, 53846153800.0, 155769231000.0, -75000000000.0, -1.90734863e-05, 5.24520874e-06, -53846153800.0, 46153846200.0, 13461538500.0, -11538461500.0][-11538461500.0, 13461538500.0, 46153846200.0, -53846153800.0, -75000000000.0, 155769231000.0, 6.5167745e-06, -1.09672546e-05, 53846153800.0, -153846154000.0, -13461538500.0, 38461538500.0][3.30607096e-05, -53846153800.0, -107692308000.0, 100000000000.0, -1.90734863e-05, 6.5167745e-06, 415384615000.0, -100000000000.0, -307692308000.0, 100000000000.0, -6.75449577e-06, -46153846200.0][-46153846200.0, 8.90096029e-06, 100000000000.0, -307692308000.0, 5.24520874e-06, -1.09672546e-05, -100000000000.0, 415384615000.0, 100000000000.0, -107692308000.0, -53846153800.0, 4.35333585e-06][-3.30607096e-05, 3.19642907e-06, 5.34057617e-05, -100000000000.0, -53846153800.0, 53846153800.0, -307692308000.0, 100000000000.0, 415384615000.0, -100000000000.0, -53846153800.0, 46153846200.0][2.81735698e-06, -1.14440918e-05, -100000000000.0, 4.19616699e-05, 46153846200.0, -153846154000.0, 100000000000.0, -107692308000.0, -100000000000.0, 415384615000.0, 53846153800.0, -153846154000.0][-9.17619026e-22, 13461538500.0, -2.66684796e-06, -3.01996867e-06, 13461538500.0, -13461538500.0, -6.75449577e-06, -53846153800.0, -53846153800.0, 53846153800.0, 40384615400.0, 2.77555756e-06][11538461500.0, -2.47051276e-22, -2.54313151e-06, -6.27261841e-06, -11538461500.0, 38461538500.0, -46153846200.0, 4.35333585e-06, 46153846200.0, -153846154000.0, 2.77555756e-06, 115384615000.0]

Element number 4------------------------------------------------------------------------------------------------------------------------------------------------------
[115384615000.0, 0.0, -153846154000.0, 46153846200.0, 38461538500.0, -11538461500.0, 3.30607096e-05, -46153846200.0, -3.30607096e-05, 2.81735698e-06, -9.17619026e-22, 11538461500.0][0.0, 40384615400.0, 53846153800.0, -53846153800.0, -13461538500.0, 13461538500.0, -53846153800.0, 8.90096029e-06, 3.19642907e-06, -1.14440918e-05, 13461538500.0, -2.47051276e-22][-153846154000.0, 53846153800.0, 415384615000.0, -100000000000.0, -153846154000.0, 46153846200.0, -107692308000.0, 100000000000.0, 5.34057617e-05, -100000000000.0, -2.66684796e-06, -2.54313151e-06][46153846200.0, -53846153800.0, -100000000000.0, 415384615000.0, 53846153800.0, -53846153800.0, 100000000000.0, -307692308000.0, -100000000000.0, 4.19616699e-05, -3.01996867e-06, -6.27261841e-06][38461538500.0, -13461538500.0, -153846154000.0, 53846153800.0, 155769231000.0, -75000000000.0, -1.90734863e-05, 5.24520874e-06, -53846153800.0, 46153846200.0, 13461538500.0, -11538461500.0][-11538461500.0, 13461538500.0, 46153846200.0, -53846153800.0, -75000000000.0, 155769231000.0, 6.5167745e-06, -1.09672546e-05, 53846153800.0, -153846154000.0, -13461538500.0, 38461538500.0][3.30607096e-05, -53846153800.0, -107692308000.0, 100000000000.0, -1.90734863e-05, 6.5167745e-06, 415384615000.0, -100000000000.0, -307692308000.0, 100000000000.0, -6.75449577e-06, -46153846200.0][-46153846200.0, 8.90096029e-06, 100000000000.0, -307692308000.0, 5.24520874e-06, -1.09672546e-05, -100000000000.0, 415384615000.0, 100000000000.0, -107692308000.0, -53846153800.0, 4.35333585e-06][-3.30607096e-05, 3.19642907e-06, 5.34057617e-05, -100000000000.0, -53846153800.0, 53846153800.0, -307692308000.0, 100000000000.0, 415384615000.0, -100000000000.0, -53846153800.0, 46153846200.0][2.81735698e-06, -1.14440918e-05, -100000000000.0, 4.19616699e-05, 46153846200.0, -153846154000.0, 100000000000.0, -107692308000.0, -100000000000.0, 415384615000.0, 53846153800.0, -153846154000.0][-9.17619026e-22, 13461538500.0, -2.66684796e-06, -3.01996867e-06, 13461538500.0, -13461538500.0, -6.75449577e-06, -53846153800.0, -53846153800.0, 53846153800.0, 40384615400.0, 2.77555756e-06][11538461500.0, -2.47051276e-22, -2.54313151e-06, -6.27261841e-06, -11538461500.0, 38461538500.0, -46153846200.0, 4.35333585e-06, 46153846200.0, -153846154000.0, 2.77555756e-06, 115384615000.0]

Element number 5------------------------------------------------------------------------------------------------------------------------------------------------------
[115384615000.0, 0.0, -153846154000.0, 46153846200.0, 38461538500.0, -11538461500.0, 3.30607096e-05, -46153846200.0, -3.30607096e-05, 2.81735698e-06, -9.17619026e-22, 11538461500.0][0.0, 40384615400.0, 53846153800.0, -53846153800.0, -13461538500.0, 13461538500.0, -53846153800.0, 8.90096029e-06, 3.19642907e-06, -1.14440918e-05, 13461538500.0, -2.47051276e-22][-153846154000.0, 53846153800.0, 415384615000.0, -100000000000.0, -153846154000.0, 46153846200.0, -107692308000.0, 100000000000.0, 5.34057617e-05, -100000000000.0, -2.66684796e-06, -2.54313151e-06][46153846200.0, -53846153800.0, -100000000000.0, 415384615000.0, 53846153800.0, -53846153800.0, 100000000000.0, -307692308000.0, -100000000000.0, 4.19616699e-05, -3.01996867e-06, -6.27261841e-06][38461538500.0, -13461538500.0, -153846154000.0, 53846153800.0, 155769231000.0, -75000000000.0, -1.90734863e-05, 5.24520874e-06, -53846153800.0, 46153846200.0, 13461538500.0, -11538461500.0][-11538461500.0, 13461538500.0, 46153846200.0, -53846153800.0, -75000000000.0, 155769231000.0, 6.5167745e-06, -1.09672546e-05, 53846153800.0, -153846154000.0, -13461538500.0, 38461538500.0][3.30607096e-05, -53846153800.0, -107692308000.0, 100000000000.0, -1.90734863e-05, 6.5167745e-06, 415384615000.0, -100000000000.0, -307692308000.0, 100000000000.0, -6.75449577e-06, -46153846200.0][-46153846200.0, 8.90096029e-06, 100000000000.0, -307692308000.0, 5.24520874e-06, -1.09672546e-05, -100000000000.0, 415384615000.0, 100000000000.0, -107692308000.0, -53846153800.0, 4.35333585e-06][-3.30607096e-05, 3.19642907e-06, 5.34057617e-05, -100000000000.0, -53846153800.0, 53846153800.0, -307692308000.0, 100000000000.0, 415384615000.0, -100000000000.0, -53846153800.0, 46153846200.0][2.81735698e-06, -1.14440918e-05, -100000000000.0, 4.19616699e-05, 46153846200.0, -153846154000.0, 100000000000.0, -107692308000.0, -100000000000.0, 415384615000.0, 53846153800.0, -153846154000.0][-9.17619026e-22, 13461538500.0, -2.66684796e-06, -3.01996867e-06, 13461538500.0, -13461538500.0, -6.75449577e-06, -53846153800.0, -53846153800.0, 53846153800.0, 40384615400.0, 2.77555756e-06][11538461500.0, -2.47051276e-22, -2.54313151e-06, -6.27261841e-06, -11538461500.0, 38461538500.0, -46153846200.0, 4.35333585e-06, 46153846200.0, -153846154000.0, 2.77555756e-06, 115384615000.0]

Element number 6------------------------------------------------------------------------------------------------------------------------------------------------------
[115384615000.0, 0.0, -153846154000.0, 46153846200.0, 38461538500.0, -11538461500.0, 3.30607096e-05, -46153846200.0, -3.30607096e-05, 2.81735698e-06, -9.17619026e-22, 11538461500.0][0.0, 40384615400.0, 53846153800.0, -53846153800.0, -13461538500.0, 13461538500.0, -53846153800.0, 8.90096029e-06, 3.19642907e-06, -1.14440918e-05, 13461538500.0, -2.47051276e-22][-153846154000.0, 53846153800.0, 415384615000.0, -100000000000.0, -153846154000.0, 46153846200.0, -107692308000.0, 100000000000.0, 5.34057617e-05, -100000000000.0, -2.66684796e-06, -2.54313151e-06][46153846200.0, -53846153800.0, -100000000000.0, 415384615000.0, 53846153800.0, -53846153800.0, 100000000000.0, -307692308000.0, -100000000000.0, 4.19616699e-05, -3.01996867e-06, -6.27261841e-06][38461538500.0, -13461538500.0, -153846154000.0, 53846153800.0, 155769231000.0, -75000000000.0, -1.90734863e-05, 5.24520874e-06, -53846153800.0, 46153846200.0, 13461538500.0, -11538461500.0][-11538461500.0, 13461538500.0, 46153846200.0, -53846153800.0, -75000000000.0, 155769231000.0, 6.5167745e-06, -1.09672546e-05, 53846153800.0, -153846154000.0, -13461538500.0, 38461538500.0][3.30607096e-05, -53846153800.0, -107692308000.0, 100000000000.0, -1.90734863e-05, 6.5167745e-06, 415384615000.0, -100000000000.0, -307692308000.0, 100000000000.0, -6.75449577e-06, -46153846200.0][-46153846200.0, 8.90096029e-06, 100000000000.0, -307692308000.0, 5.24520874e-06, -1.09672546e-05, -100000000000.0, 415384615000.0, 100000000000.0, -107692308000.0, -53846153800.0, 4.35333585e-06][-3.30607096e-05, 3.19642907e-06, 5.34057617e-05, -100000000000.0, -53846153800.0, 53846153800.0, -307692308000.0, 100000000000.0, 415384615000.0, -100000000000.0, -53846153800.0, 46153846200.0][2.81735698e-06, -1.14440918e-05, -100000000000.0, 4.19616699e-05, 46153846200.0, -153846154000.0, 100000000000.0, -107692308000.0, -100000000000.0, 415384615000.0, 53846153800.0, -153846154000.0][-9.17619026e-22, 13461538500.0, -2.66684796e-06, -3.01996867e-06, 13461538500.0, -13461538500.0, -6.75449577e-06, -53846153800.0, -53846153800.0, 53846153800.0, 40384615400.0, 2.77555756e-06][11538461500.0, -2.47051276e-22, -2.54313151e-06, -6.27261841e-06, -11538461500.0, 38461538500.0, -46153846200.0, 4.35333585e-06, 46153846200.0, -153846154000.0, 2.77555756e-06, 115384615000.0]

Element number 7------------------------------------------------------------------------------------------------------------------------------------------------------
[115384615000.0, 0.0, -153846154000.0, 46153846200.0, 38461538500.0, -11538461500.0, 3.30607096e-05, -46153846200.0, -3.30607096e-05, 2.81735698e-06, -9.17619026e-22, 11538461500.0][0.0, 40384615400.0, 53846153800.0, -53846153800.0, -13461538500.0, 13461538500.0, -53846153800.0, 8.90096029e-06, 3.19642907e-06, -1.14440918e-05, 13461538500.0, -2.47051276e-22][-153846154000.0, 53846153800.0, 415384615000.0, -100000000000.0, -153846154000.0, 46153846200.0, -107692308000.0, 100000000000.0, 5.34057617e-05, -100000000000.0, -2.66684796e-06, -2.54313151e-06][46153846200.0, -53846153800.0, -100000000000.0, 415384615000.0, 53846153800.0, -53846153800.0, 100000000000.0, -307692308000.0, -100000000000.0, 4.19616699e-05, -3.01996867e-06, -6.27261841e-06][38461538500.0, -13461538500.0, -153846154000.0, 53846153800.0, 155769231000.0, -75000000000.0, -1.90734863e-05, 5.24520874e-06, -53846153800.0, 46153846200.0, 13461538500.0, -11538461500.0][-11538461500.0, 13461538500.0, 46153846200.0, -53846153800.0, -75000000000.0, 155769231000.0, 6.5167745e-06, -1.09672546e-05, 53846153800.0, -153846154000.0, -13461538500.0, 38461538500.0][3.30607096e-05, -53846153800.0, -107692308000.0, 100000000000.0, -1.90734863e-05, 6.5167745e-06, 415384615000.0, -100000000000.0, -307692308000.0, 100000000000.0, -6.75449577e-06, -46153846200.0][-46153846200.0, 8.90096029e-06, 100000000000.0, -307692308000.0, 5.24520874e-06, -1.09672546e-05, -100000000000.0, 415384615000.0, 100000000000.0, -107692308000.0, -53846153800.0, 4.35333585e-06][-3.30607096e-05, 3.19642907e-06, 5.34057617e-05, -100000000000.0, -53846153800.0, 53846153800.0, -307692308000.0, 100000000000.0, 415384615000.0, -100000000000.0, -53846153800.0, 46153846200.0][2.81735698e-06, -1.14440918e-05, -100000000000.0, 4.19616699e-05, 46153846200.0, -153846154000.0, 100000000000.0, -107692308000.0, -100000000000.0, 415384615000.0, 53846153800.0, -153846154000.0][-9.17619026e-22, 13461538500.0, -2.66684796e-06, -3.01996867e-06, 13461538500.0, -13461538500.0, -6.75449577e-06, -53846153800.0, -53846153800.0, 53846153800.0, 40384615400.0, 2.77555756e-06][11538461500.0, -2.47051276e-22, -2.54313151e-06, -6.27261841e-06, -11538461500.0, 38461538500.0, -46153846200.0, 4.35333585e-06, 46153846200.0, -153846154000.0, 2.77555756e-06, 115384615000.0]

Element number 8------------------------------------------------------------------------------------------------------------------------------------------------------
[115384615000.0, 0.0, -153846154000.0, 46153846200.0, 38461538500.0, -11538461500.0, 3.30607096e-05, -46153846200.0, -3.30607096e-05, 2.81735698e-06, -9.17619026e-22, 11538461500.0][0.0, 40384615400.0, 53846153800.0, -53846153800.0, -13461538500.0, 13461538500.0, -53846153800.0, 8.90096029e-06, 3.19642907e-06, -1.14440918e-05, 13461538500.0, -2.47051276e-22][-153846154000.0, 53846153800.0, 415384615000.0, -100000000000.0, -153846154000.0, 46153846200.0, -107692308000.0, 100000000000.0, 5.34057617e-05, -100000000000.0, -2.66684796e-06, -2.54313151e-06][46153846200.0, -53846153800.0, -100000000000.0, 415384615000.0, 53846153800.0, -53846153800.0, 100000000000.0, -307692308000.0, -100000000000.0, 4.19616699e-05, -3.01996867e-06, -6.27261841e-06][38461538500.0, -13461538500.0, -153846154000.0, 53846153800.0, 155769231000.0, -75000000000.0, -1.90734863e-05, 5.24520874e-06, -53846153800.0, 46153846200.0, 13461538500.0, -11538461500.0][-11538461500.0, 13461538500.0, 46153846200.0, -53846153800.0, -75000000000.0, 155769231000.0, 6.5167745e-06, -1.09672546e-05, 53846153800.0, -153846154000.0, -13461538500.0, 38461538500.0][3.30607096e-05, -53846153800.0, -107692308000.0, 100000000000.0, -1.90734863e-05, 6.5167745e-06, 415384615000.0, -100000000000.0, -307692308000.0, 100000000000.0, -6.75449577e-06, -46153846200.0][-46153846200.0, 8.90096029e-06, 100000000000.0, -307692308000.0, 5.24520874e-06, -1.09672546e-05, -100000000000.0, 415384615000.0, 100000000000.0, -107692308000.0, -53846153800.0, 4.35333585e-06][-3.30607096e-05, 3.19642907e-06, 5.34057617e-05, -100000000000.0, -53846153800.0, 53846153800.0, -307692308000.0, 100000000000.0, 415384615000.0, -100000000000.0, -53846153800.0, 46153846200.0][2.81735698e-06, -1.14440918e-05, -100000000000.0, 4.19616699e-05, 46153846200.0, -153846154000.0, 100000000000.0, -107692308000.0, -100000000000.0, 415384615000.0, 53846153800.0, -153846154000.0][-9.17619026e-22, 13461538500.0, -2.66684796e-06, -3.01996867e-06, 13461538500.0, -13461538500.0, -6.75449577e-06, -53846153800.0, -53846153800.0, 53846153800.0, 40384615400.0, 2.77555756e-06][11538461500.0, -2.47051276e-22, -2.54313151e-06, -6.27261841e-06, -11538461500.0, 38461538500.0, -46153846200.0, 4.35333585e-06, 46153846200.0, -153846154000.0, 2.77555756e-06, 115384615000.0]

Element number 9------------------------------------------------------------------------------------------------------------------------------------------------------
[115384615000.0, 0.0, -153846154000.0, 46153846200.0, 38461538500.0, -11538461500.0, 3.30607096e-05, -46153846200.0, -3.30607096e-05, 2.81735698e-06, -9.17619026e-22, 11538461500.0][0.0, 40384615400.0, 53846153800.0, -53846153800.0, -13461538500.0, 13461538500.0, -53846153800.0, 8.90096029e-06, 3.19642907e-06, -1.14440918e-05, 13461538500.0, -2.47051276e-22][-153846154000.0, 53846153800.0, 415384615000.0, -100000000000.0, -153846154000.0, 46153846200.0, -107692308000.0, 100000000000.0, 5.34057617e-05, -100000000000.0, -2.66684796e-06, -2.54313151e-06][46153846200.0, -53846153800.0, -100000000000.0, 415384615000.0, 53846153800.0, -53846153800.0, 100000000000.0, -307692308000.0, -100000000000.0, 4.19616699e-05, -3.01996867e-06, -6.27261841e-06][38461538500.0, -13461538500.0, -153846154000.0, 53846153800.0, 155769231000.0, -75000000000.0, -1.90734863e-05, 5.24520874e-06, -53846153800.0, 46153846200.0, 13461538500.0, -11538461500.0][-11538461500.0, 13461538500.0, 46153846200.0, -53846153800.0, -75000000000.0, 155769231000.0, 6.5167745e-06, -1.09672546e-05, 53846153800.0, -153846154000.0, -13461538500.0, 38461538500.0][3.30607096e-05, -53846153800.0, -107692308000.0, 100000000000.0, -1.90734863e-05, 6.5167745e-06, 415384615000.0, -100000000000.0, -307692308000.0, 100000000000.0, -6.75449577e-06, -46153846200.0][-46153846200.0, 8.90096029e-06, 100000000000.0, -307692308000.0, 5.24520874e-06, -1.09672546e-05, -100000000000.0, 415384615000.0, 100000000000.0, -107692308000.0, -53846153800.0, 4.35333585e-06][-3.30607096e-05, 3.19642907e-06, 5.34057617e-05, -100000000000.0, -53846153800.0, 53846153800.0, -307692308000.0, 100000000000.0, 415384615000.0, -100000000000.0, -53846153800.0, 46153846200.0][2.81735698e-06, -1.14440918e-05, -100000000000.0, 4.19616699e-05, 46153846200.0, -153846154000.0, 100000000000.0, -107692308000.0, -100000000000.0, 415384615000.0, 53846153800.0, -153846154000.0][-9.17619026e-22, 13461538500.0, -2.66684796e-06, -3.01996867e-06, 13461538500.0, -13461538500.0, -6.75449577e-06, -53846153800.0, -53846153800.0, 53846153800.0, 40384615400.0, 2.77555756e-06][11538461500.0, -2.47051276e-22, -2.54313151e-06, -6.27261841e-06, -11538461500.0, 38461538500.0, -46153846200.0, 4.35333585e-06, 46153846200.0, -153846154000.0, 2.77555756e-06, 115384615000.0]

Element number 10------------------------------------------------------------------------------------------------------------------------------------------------------
[115384615000.0, 0.0, -153846154000.0, 46153846200.0, 38461538500.0, -11538461500.0, 3.30607096e-05, -46153846200.0, -3.30607096e-05, 2.81735698e-06, -9.17619026e-22, 11538461500.0][0.0, 40384615400.0, 53846153800.0, -53846153800.0, -13461538500.0, 13461538500.0, -53846153800.0, 8.90096029e-06, 3.19642907e-06, -1.14440918e-05, 13461538500.0, -2.47051276e-22][-153846154000.0, 53846153800.0, 415384615000.0, -100000000000.0, -153846154000.0, 46153846200.0, -107692308000.0, 100000000000.0, 5.34057617e-05, -100000000000.0, -2.66684796e-06, -2.54313151e-06][46153846200.0, -53846153800.0, -100000000000.0, 415384615000.0, 53846153800.0, -53846153800.0, 100000000000.0, -307692308000.0, -100000000000.0, 4.19616699e-05, -3.01996867e-06, -6.27261841e-06][38461538500.0, -13461538500.0, -153846154000.0, 53846153800.0, 155769231000.0, -75000000000.0, -1.90734863e-05, 5.24520874e-06, -53846153800.0, 46153846200.0, 13461538500.0, -11538461500.0][-11538461500.0, 13461538500.0, 46153846200.0, -53846153800.0, -75000000000.0, 155769231000.0, 6.5167745e-06, -1.09672546e-05, 53846153800.0, -153846154000.0, -13461538500.0, 38461538500.0][3.30607096e-05, -53846153800.0, -107692308000.0, 100000000000.0, -1.90734863e-05, 6.5167745e-06, 415384615000.0, -100000000000.0, -307692308000.0, 100000000000.0, -6.75449577e-06, -46153846200.0][-46153846200.0, 8.90096029e-06, 100000000000.0, -307692308000.0, 5.24520874e-06, -1.09672546e-05, -100000000000.0, 415384615000.0, 100000000000.0, -107692308000.0, -53846153800.0, 4.35333585e-06][-3.30607096e-05, 3.19642907e-06, 5.34057617e-05, -100000000000.0, -53846153800.0, 53846153800.0, -307692308000.0, 100000000000.0, 415384615000.0, -100000000000.0, -53846153800.0, 46153846200.0][2.81735698e-06, -1.14440918e-05, -100000000000.0, 4.19616699e-05, 46153846200.0, -153846154000.0, 100000000000.0, -107692308000.0, -100000000000.0, 415384615000.0, 53846153800.0, -153846154000.0][-9.17619026e-22, 13461538500.0, -2.66684796e-06, -3.01996867e-06, 13461538500.0, -13461538500.0, -6.75449577e-06, -53846153800.0, -53846153800.0, 53846153800.0, 40384615400.0, 2.77555756e-06][11538461500.0, -2.47051276e-22, -2.54313151e-06, -6.27261841e-06, -11538461500.0, 38461538500.0, -46153846200.0, 4.35333585e-06, 46153846200.0, -153846154000.0, 2.77555756e-06, 115384615000.0]

Element number 11------------------------------------------------------------------------------------------------------------------------------------------------------
[115384615000.0, 0.0, -153846154000.0, 46153846200.0, 38461538500.0, -11538461500.0, 3.30607096e-05, -46153846200.0, -3.30607096e-05, 2.81735698e-06, -9.17619026e-22, 11538461500.0][0.0, 40384615400.0, 53846153800.0, -53846153800.0, -13461538500.0, 13461538500.0, -53846153800.0, 8.90096029e-06, 3.19642907e-06, -1.14440918e-05, 13461538500.0, -2.47051276e-22][-153846154000.0, 53846153800.0, 415384615000.0, -100000000000.0, -153846154000.0, 46153846200.0, -107692308000.0, 100000000000.0, 5.34057617e-05, -100000000000.0, -2.66684796e-06, -2.54313151e-06][46153846200.0, -53846153800.0, -100000000000.0, 415384615000.0, 53846153800.0, -53846153800.0, 100000000000.0, -307692308000.0, -100000000000.0, 4.19616699e-05, -3.01996867e-06, -6.27261841e-06][38461538500.0, -13461538500.0, -153846154000.0, 53846153800.0, 155769231000.0, -75000000000.0, -1.90734863e-05, 5.24520874e-06, -53846153800.0, 46153846200.0, 13461538500.0, -11538461500.0][-11538461500.0, 13461538500.0, 46153846200.0, -53846153800.0, -75000000000.0, 155769231000.0, 6.5167745e-06, -1.09672546e-05, 53846153800.0, -153846154000.0, -13461538500.0, 38461538500.0][3.30607096e-05, -53846153800.0, -107692308000.0, 100000000000.0, -1.90734863e-05, 6.5167745e-06, 415384615000.0, -100000000000.0, -307692308000.0, 100000000000.0, -6.75449577e-06, -46153846200.0][-46153846200.0, 8.90096029e-06, 100000000000.0, -307692308000.0, 5.24520874e-06, -1.09672546e-05, -100000000000.0, 415384615000.0, 100000000000.0, -107692308000.0, -53846153800.0, 4.35333585e-06][-3.30607096e-05, 3.19642907e-06, 5.34057617e-05, -100000000000.0, -53846153800.0, 53846153800.0, -307692308000.0, 100000000000.0, 415384615000.0, -100000000000.0, -53846153800.0, 46153846200.0][2.81735698e-06, -1.14440918e-05, -100000000000.0, 4.19616699e-05, 46153846200.0, -153846154000.0, 100000000000.0, -107692308000.0, -100000000000.0, 415384615000.0, 53846153800.0, -153846154000.0][-9.17619026e-22, 13461538500.0, -2.66684796e-06, -3.01996867e-06, 13461538500.0, -13461538500.0, -6.75449577e-06, -53846153800.0, -53846153800.0, 53846153800.0, 40384615400.0, 2.77555756e-06][11538461500.0, -2.47051276e-22, -2.54313151e-06, -6.27261841e-06, -11538461500.0, 38461538500.0, -46153846200.0, 4.35333585e-06, 46153846200.0, -153846154000.0, 2.77555756e-06, 115384615000.0]

Element number 12------------------------------------------------------------------------------------------------------------------------------------------------------
[115384615000.0, 0.0, -153846154000.0, 46153846200.0, 38461538500.0, -11538461500.0, 3.30607096e-05, -46153846200.0, -3.30607096e-05, 2.81735698e-06, -9.17619026e-22, 11538461500.0][0.0, 40384615400.0, 53846153800.0, -53846153800.0, -13461538500.0, 13461538500.0, -53846153800.0, 8.90096029e-06, 3.19642907e-06, -1.14440918e-05, 13461538500.0, -2.47051276e-22][-153846154000.0, 53846153800.0, 415384615000.0, -100000000000.0, -153846154000.0, 46153846200.0, -107692308000.0, 100000000000.0, 5.34057617e-05, -100000000000.0, -2.66684796e-06, -2.54313151e-06][46153846200.0, -53846153800.0, -100000000000.0, 415384615000.0, 53846153800.0, -53846153800.0, 100000000000.0, -307692308000.0, -100000000000.0, 4.19616699e-05, -3.01996867e-06, -6.27261841e-06][38461538500.0, -13461538500.0, -153846154000.0, 53846153800.0, 155769231000.0, -75000000000.0, -1.90734863e-05, 5.24520874e-06, -53846153800.0, 46153846200.0, 13461538500.0, -11538461500.0][-11538461500.0, 13461538500.0, 46153846200.0, -53846153800.0, -75000000000.0, 155769231000.0, 6.5167745e-06, -1.09672546e-05, 53846153800.0, -153846154000.0, -13461538500.0, 38461538500.0][3.30607096e-05, -53846153800.0, -107692308000.0, 100000000000.0, -1.90734863e-05, 6.5167745e-06, 415384615000.0, -100000000000.0, -307692308000.0, 100000000000.0, -6.75449577e-06, -46153846200.0][-46153846200.0, 8.90096029e-06, 100000000000.0, -307692308000.0, 5.24520874e-06, -1.09672546e-05, -100000000000.0, 415384615000.0, 100000000000.0, -107692308000.0, -53846153800.0, 4.35333585e-06][-3.30607096e-05, 3.19642907e-06, 5.34057617e-05, -100000000000.0, -53846153800.0, 53846153800.0, -307692308000.0, 100000000000.0, 415384615000.0, -100000000000.0, -53846153800.0, 46153846200.0][2.81735698e-06, -1.14440918e-05, -100000000000.0, 4.19616699e-05, 46153846200.0, -153846154000.0, 100000000000.0, -107692308000.0, -100000000000.0, 415384615000.0, 53846153800.0, -153846154000.0][-9.17619026e-22, 13461538500.0, -2.66684796e-06, -3.01996867e-06, 13461538500.0, -13461538500.0, -6.75449577e-06, -53846153800.0, -53846153800.0, 53846153800.0, 40384615400.0, 2.77555756e-06][11538461500.0, -2.47051276e-22, -2.54313151e-06, -6.27261841e-06, -11538461500.0, 38461538500.0, -46153846200.0, 4.35333585e-06, 46153846200.0, -153846154000.0, 2.77555756e-06, 115384615000.0]

Element number 13------------------------------------------------------------------------------------------------------------------------------------------------------
[40384615400.0, 4.16333634e-06, -53846153800.0, 53846153800.0, -1.03371535e-05, -53846153800.0, 13461538500.0, -13461538500.0, -6.46846862e-06, -4.60942586e-06, -2.13504428e-06, 13461538500.0][4.16333634e-06, 115384615000.0, 46153846200.0, -153846154000.0, -46153846200.0, 1.55075245e-05, -11538461500.0, 38461538500.0, -5.88099162e-06, -2.02127509e-05, 11538461500.0, -7.47265497e-07][-53846153800.0, 46153846200.0, 415384615000.0, -100000000000.0, -307692308000.0, 100000000000.0, -53846153800.0, 53846153800.0, 3.81469727e-05, -100000000000.0, -2.28881836e-05, 6.6007028e-06][53846153800.0, -153846154000.0, -100000000000.0, 415384615000.0, 100000000000.0, -107692308000.0, 46153846200.0, -153846154000.0, -100000000000.0, 2.67028809e-05, 5.72025425e-06, -5.08626302e-06][-1.03371535e-05, -46153846200.0, -307692308000.0, 100000000000.0, 415384615000.0, -100000000000.0, -6.99361165e-06, 2.86102295e-06, -107692308000.0, 100000000000.0, 7.62939453e-06, -53846153800.0][-53846153800.0, 1.55075245e-05, 100000000000.0, -107692308000.0, -100000000000.0, 415384615000.0, 4.45048014e-06, -4.60942586e-06, 100000000000.0, -307692308000.0, -46153846200.0, 6.35782878e-07][13461538500.0, -11538461500.0, -53846153800.0, 46153846200.0, -6.99361165e-06, 4.45048014e-06, 155769231000.0, -75000000000.0, -153846154000.0, 53846153800.0, 38461538500.0, -13461538500.0][-13461538500.0, 38461538500.0, 53846153800.0, -153846154000.0, 2.86102295e-06, -4.60942586e-06, -75000000000.0, 155769231000.0, 46153846200.0, -53846153800.0, -11538461500.0, 13461538500.0][-6.46846862e-06, -5.88099162e-06, 3.81469727e-05, -100000000000.0, -107692308000.0, 100000000000.0, -153846154000.0, 46153846200.0, 415384615000.0, -100000000000.0, -153846154000.0, 53846153800.0][-4.60942586e-06, -2.02127509e-05, -100000000000.0, 2.67028809e-05, 100000000000.0, -307692308000.0, 53846153800.0, -53846153800.0, -100000000000.0, 415384615000.0, 46153846200.0, -53846153800.0][-2.13504428e-06, 11538461500.0, -2.28881836e-05, 5.72025425e-06, 7.62939453e-06, -46153846200.0, 38461538500.0, -11538461500.0, -153846154000.0, 46153846200.0, 115384615000.0, 0.0][13461538500.0, -7.47265497e-07, 6.6007028e-06, -5.08626302e-06, -53846153800.0, 6.35782878e-07, -13461538500.0, 13461538500.0, 53846153800.0, -53846153800.0, 0.0, 40384615400.0]

Element number 14------------------------------------------------------------------------------------------------------------------------------------------------------
[40384615400.0, 4.16333634e-06, -53846153800.0, 53846153800.0, -1.03371535e-05, -53846153800.0, 13461538500.0, -13461538500.0, -6.46846862e-06, -4.60942586e-06, -2.13504428e-06, 13461538500.0][4.16333634e-06, 115384615000.0, 46153846200.0, -153846154000.0, -46153846200.0, 1.55075245e-05, -11538461500.0, 38461538500.0, -5.88099162e-06, -2.02127509e-05, 11538461500.0, -7.47265497e-07][-53846153800.0, 46153846200.0, 415384615000.0, -100000000000.0, -307692308000.0, 100000000000.0, -53846153800.0, 53846153800.0, 3.81469727e-05, -100000000000.0, -2.28881836e-05, 6.6007028e-06][53846153800.0, -153846154000.0, -100000000000.0, 415384615000.0, 100000000000.0, -107692308000.0, 46153846200.0, -153846154000.0, -100000000000.0, 2.67028809e-05, 5.72025425e-06, -5.08626302e-06][-1.03371535e-05, -46153846200.0, -307692308000.0, 100000000000.0, 415384615000.0, -100000000000.0, -6.99361165e-06, 2.86102295e-06, -107692308000.0, 100000000000.0, 7.62939453e-06, -53846153800.0][-53846153800.0, 1.55075245e-05, 100000000000.0, -107692308000.0, -100000000000.0, 415384615000.0, 4.45048014e-06, -4.60942586e-06, 100000000000.0, -307692308000.0, -46153846200.0, 6.35782878e-07][13461538500.0, -11538461500.0, -53846153800.0, 46153846200.0, -6.99361165e-06, 4.45048014e-06, 155769231000.0, -75000000000.0, -153846154000.0, 53846153800.0, 38461538500.0, -13461538500.0][-13461538500.0, 38461538500.0, 53846153800.0, -153846154000.0, 2.86102295e-06, -4.60942586e-06, -75000000000.0, 155769231000.0, 46153846200.0, -53846153800.0, -11538461500.0, 13461538500.0][-6.46846862e-06, -5.88099162e-06, 3.81469727e-05, -100000000000.0, -107692308000.0, 100000000000.0, -153846154000.0, 46153846200.0, 415384615000.0, -100000000000.0, -153846154000.0, 53846153800.0][-4.60942586e-06, -2.02127509e-05, -100000000000.0, 2.67028809e-05, 100000000000.0, -307692308000.0, 53846153800.0, -53846153800.0, -100000000000.0, 415384615000.0, 46153846200.0, -53846153800.0][-2.13504428e-06, 11538461500.0, -2.28881836e-05, 5.72025425e-06, 7.62939453e-06, -46153846200.0, 38461538500.0, -11538461500.0, -153846154000.0, 46153846200.0, 115384615000.0, 0.0][13461538500.0, -7.47265497e-07, 6.6007028e-06, -5.08626302e-06, -53846153800.0, 6.35782878e-07, -13461538500.0, 13461538500.0, 53846153800.0, -53846153800.0, 0.0, 40384615400.0]

Element number 15------------------------------------------------------------------------------------------------------------------------------------------------------
[40384615400.0, 4.16333634e-06, -53846153800.0, 53846153800.0, -1.03371535e-05, -53846153800.0, 13461538500.0, -13461538500.0, -6.46846862e-06, -4.60942586e-06, -2.13504428e-06, 13461538500.0][4.16333634e-06, 115384615000.0, 46153846200.0, -153846154000.0, -46153846200.0, 1.55075245e-05, -11538461500.0, 38461538500.0, -5.88099162e-06, -2.02127509e-05, 11538461500.0, -7.47265497e-07][-53846153800.0, 46153846200.0, 415384615000.0, -100000000000.0, -307692308000.0, 100000000000.0, -53846153800.0, 53846153800.0, 3.81469727e-05, -100000000000.0, -2.28881836e-05, 6.6007028e-06][53846153800.0, -153846154000.0, -100000000000.0, 415384615000.0, 100000000000.0, -107692308000.0, 46153846200.0, -153846154000.0, -100000000000.0, 2.67028809e-05, 5.72025425e-06, -5.08626302e-06][-1.03371535e-05, -46153846200.0, -307692308000.0, 100000000000.0, 415384615000.0, -100000000000.0, -6.99361165e-06, 2.86102295e-06, -107692308000.0, 100000000000.0, 7.62939453e-06, -53846153800.0][-53846153800.0, 1.55075245e-05, 100000000000.0, -107692308000.0, -100000000000.0, 415384615000.0, 4.45048014e-06, -4.60942586e-06, 100000000000.0, -307692308000.0, -46153846200.0, 6.35782878e-07][13461538500.0, -11538461500.0, -53846153800.0, 46153846200.0, -6.99361165e-06, 4.45048014e-06, 155769231000.0, -75000000000.0, -153846154000.0, 53846153800.0, 38461538500.0, -13461538500.0][-13461538500.0, 38461538500.0, 53846153800.0, -153846154000.0, 2.86102295e-06, -4.60942586e-06, -75000000000.0, 155769231000.0, 46153846200.0, -53846153800.0, -11538461500.0, 13461538500.0][-6.46846862e-06, -5.88099162e-06, 3.81469727e-05, -100000000000.0, -107692308000.0, 100000000000.0, -153846154000.0, 46153846200.0, 415384615000.0, -100000000000.0, -153846154000.0, 53846153800.0][-4.60942586e-06, -2.02127509e-05, -100000000000.0, 2.67028809e-05, 100000000000.0, -307692308000.0, 53846153800.0, -53846153800.0, -100000000000.0, 415384615000.0, 46153846200.0, -53846153800.0][-2.13504428e-06, 11538461500.0, -2.28881836e-05, 5.72025425e-06, 7.62939453e-06, -46153846200.0, 38461538500.0, -11538461500.0, -153846154000.0, 46153846200.0, 115384615000.0, 0.0][13461538500.0, -7.47265497e-07, 6.6007028e-06, -5.08626302e-06, -53846153800.0, 6.35782878e-07, -13461538500.0, 13461538500.0, 53846153800.0, -53846153800.0, 0.0, 40384615400.0]

Element number 16------------------------------------------------------------------------------------------------------------------------------------------------------
[40384615400.0, 4.16333634e-06, -53846153800.0, 53846153800.0, -1.03371535e-05, -53846153800.0, 13461538500.0, -13461538500.0, -6.46846862e-06, -4.60942586e-06, -2.13504428e-06, 13461538500.0][4.16333634e-06, 115384615000.0, 46153846200.0, -153846154000.0, -46153846200.0, 1.55075245e-05, -11538461500.0, 38461538500.0, -5.88099162e-06, -2.02127509e-05, 11538461500.0, -7.47265497e-07][-53846153800.0, 46153846200.0, 415384615000.0, -100000000000.0, -307692308000.0, 100000000000.0, -53846153800.0, 53846153800.0, 3.81469727e-05, -100000000000.0, -2.28881836e-05, 6.6007028e-06][53846153800.0, -153846154000.0, -100000000000.0, 415384615000.0, 100000000000.0, -107692308000.0, 46153846200.0, -153846154000.0, -100000000000.0, 2.67028809e-05, 5.72025425e-06, -5.08626302e-06][-1.03371535e-05, -46153846200.0, -307692308000.0, 100000000000.0, 415384615000.0, -100000000000.0, -6.99361165e-06, 2.86102295e-06, -107692308000.0, 100000000000.0, 7.62939453e-06, -53846153800.0][-53846153800.0, 1.55075245e-05, 100000000000.0, -107692308000.0, -100000000000.0, 415384615000.0, 4.45048014e-06, -4.60942586e-06, 100000000000.0, -307692308000.0, -46153846200.0, 6.35782878e-07][13461538500.0, -11538461500.0, -53846153800.0, 46153846200.0, -6.99361165e-06, 4.45048014e-06, 155769231000.0, -75000000000.0, -153846154000.0, 53846153800.0, 38461538500.0, -13461538500.0][-13461538500.0, 38461538500.0, 53846153800.0, -153846154000.0, 2.86102295e-06, -4.60942586e-06, -75000000000.0, 155769231000.0, 46153846200.0, -53846153800.0, -11538461500.0, 13461538500.0][-6.46846862e-06, -5.88099162e-06, 3.81469727e-05, -100000000000.0, -107692308000.0, 100000000000.0, -153846154000.0, 46153846200.0, 415384615000.0, -100000000000.0, -153846154000.0, 53846153800.0][-4.60942586e-06, -2.02127509e-05, -100000000000.0, 2.67028809e-05, 100000000000.0, -307692308000.0, 53846153800.0, -53846153800.0, -100000000000.0, 415384615000.0, 46153846200.0, -53846153800.0][-2.13504428e-06, 11538461500.0, -2.28881836e-05, 5.72025425e-06, 7.62939453e-06, -46153846200.0, 38461538500.0, -11538461500.0, -153846154000.0, 46153846200.0, 115384615000.0, 0.0][13461538500.0, -7.47265497e-07, 6.6007028e-06, -5.08626302e-06, -53846153800.0, 6.35782878e-07, -13461538500.0, 13461538500.0, 53846153800.0, -53846153800.0, 0.0, 40384615400.0]

Element number 17------------------------------------------------------------------------------------------------------------------------------------------------------
