
Element number 1------------------------------------------------------------------------------------------------------------------------------------------------------
[115384615000.0, 0.0, -153846154000.0, 46153846200.0, 38461538500.0, -11538461500.0, -1.66459517e-05, -46153846200.0, 3.19047408e-05, -1.09877425e-06, -2.31008986e-22, 11538461500.0][0.0, 40384615400.0, 53846153800.0, -53846153800.0, -13461538500.0, 13461538500.0, -53846153800.0, -8.32297585e-06, -1.26249285e-06, 9.01655717e-06, 13461538500.0, -1.15504493e-22][-153846154000.0, 53846153800.0, 415384615000.0, -100000000000.0, -153846154000.0, 46153846200.0, -107692308000.0, 100000000000.0, -4.71635298e-05, -100000000000.0, 1.23797254e-07, -1.04037198e-06][46153846200.0, -53846153800.0, -100000000000.0, 415384615000.0, 53846153800.0, -53846153800.0, 100000000000.0, -307692308000.0, -100000000000.0, -3.81469727e-05, -1.90734863e-06, -1.69254698e-06][38461538500.0, -13461538500.0, -153846154000.0, 53846153800.0, 155769231000.0, -75000000000.0, -2.08074396e-06, 1.56055797e-06, -53846153800.0, 46153846200.0, 13461538500.0, -11538461500.0][-11538461500.0, 13461538500.0, 46153846200.0, -53846153800.0, -75000000000.0, 155769231000.0, 0.0, -1.7339533e-06, 53846153800.0, -153846154000.0, -13461538500.0, 38461538500.0][-1.66459517e-05, -53846153800.0, -107692308000.0, 100000000000.0, -2.08074396e-06, 0.0, 415384615000.0, -100000000000.0, -307692308000.0, 100000000000.0, 4.43144563e-06, -46153846200.0][-46153846200.0, -8.32297585e-06, 100000000000.0, -307692308000.0, 1.56055797e-06, -1.7339533e-06, -100000000000.0, 415384615000.0, 100000000000.0, -107692308000.0, -53846153800.0, 2.24993774e-06][3.19047408e-05, -1.26249285e-06, -4.71635298e-05, -100000000000.0, -53846153800.0, 53846153800.0, -307692308000.0, 100000000000.0, 415384615000.0, -100000000000.0, -53846153800.0, 46153846200.0][-1.09877425e-06, 9.01655717e-06, -100000000000.0, -3.81469727e-05, 46153846200.0, -153846154000.0, 100000000000.0, -107692308000.0, -100000000000.0, 415384615000.0, 53846153800.0, -153846154000.0][-2.31008986e-22, 13461538500.0, 1.23797254e-07, -1.90734863e-06, 13461538500.0, -13461538500.0, 4.43144563e-06, -53846153800.0, -53846153800.0, 53846153800.0, 40384615400.0, -1.38777878e-06][11538461500.0, -1.15504493e-22, -1.04037198e-06, -1.69254698e-06, -11538461500.0, 38461538500.0, -46153846200.0, 2.24993774e-06, 46153846200.0, -153846154000.0, -1.38777878e-06, 115384615000.0]

Element number 2------------------------------------------------------------------------------------------------------------------------------------------------------
[115384615000.0, 0.0, -153846154000.0, 46153846200.0, 38461538500.0, -11538461500.0, -1.66459517e-05, -46153846200.0, 3.19047408e-05, -1.09877425e-06, -2.31008986e-22, 11538461500.0][0.0, 40384615400.0, 53846153800.0, -53846153800.0, -13461538500.0, 13461538500.0, -53846153800.0, -8.32297585e-06, -1.26249285e-06, 9.01655717e-06, 13461538500.0, -1.15504493e-22][-153846154000.0, 53846153800.0, 415384615000.0, -100000000000.0, -153846154000.0, 46153846200.0, -107692308000.0, 100000000000.0, -4.71635298e-05, -100000000000.0, 1.23797254e-07, -1.04037198e-06][46153846200.0, -53846153800.0, -100000000000.0, 415384615000.0, 53846153800.0, -53846153800.0, 100000000000.0, -307692308000.0, -100000000000.0, -3.81469727e-05, -1.90734863e-06, -1.69254698e-06][38461538500.0, -13461538500.0, -153846154000.0, 53846153800.0, 155769231000.0, -75000000000.0, -2.08074396e-06, 1.56055797e-06, -53846153800.0, 46153846200.0, 13461538500.0, -11538461500.0][-11538461500.0, 13461538500.0, 46153846200.0, -53846153800.0, -75000000000.0, 155769231000.0, 0.0, -1.7339533e-06, 53846153800.0, -153846154000.0, -13461538500.0, 38461538500.0][-1.66459517e-05, -53846153800.0, -107692308000.0, 100000000000.0, -2.08074396e-06, 0.0, 415384615000.0, -100000000000.0, -307692308000.0, 100000000000.0, 4.43144563e-06, -46153846200.0][-46153846200.0, -8.32297585e-06, 100000000000.0, -307692308000.0, 1.56055797e-06, -1.7339533e-06, -100000000000.0, 415384615000.0, 100000000000.0, -107692308000.0, -53846153800.0, 2.24993774e-06][3.19047408e-05, -1.26249285e-06, -4.71635298e-05, -100000000000.0, -53846153800.0, 53846153800.0, -307692308000.0, 100000000000.0, 415384615000.0, -100000000000.0, -53846153800.0, 46153846200.0][-1.09877425e-06, 9.01655717e-06, -100000000000.0, -3.81469727e-05, 46153846200.0, -153846154000.0, 100000000000.0, -107692308000.0, -100000000000.0, 415384615000.0, 53846153800.0, -153846154000.0][-2.31008986e-22, 13461538500.0, 1.23797254e-07, -1.90734863e-06, 13461538500.0, -13461538500.0, 4.43144563e-06, -53846153800.0, -53846153800.0, 53846153800.0, 40384615400.0, -1.38777878e-06][11538461500.0, -1.15504493e-22, -1.04037198e-06, -1.69254698e-06, -11538461500.0, 38461538500.0, -46153846200.0, 2.24993774e-06, 46153846200.0, -153846154000.0, -1.38777878e-06, 115384615000.0]

Element number 3------------------------------------------------------------------------------------------------------------------------------------------------------
[115384615000.0, 0.0, -153846154000.0, 46153846200.0, 38461538500.0, -11538461500.0, -1.66459517e-05, -46153846200.0, 3.19047408e-05, -1.09877425e-06, -2.31008986e-22, 11538461500.0][0.0, 40384615400.0, 53846153800.0, -53846153800.0, -13461538500.0, 13461538500.0, -53846153800.0, -8.32297585e-06, -1.26249285e-06, 9.01655717e-06, 13461538500.0, -1.15504493e-22][-153846154000.0, 53846153800.0, 415384615000.0, -100000000000.0, -153846154000.0, 46153846200.0, -107692308000.0, 100000000000.0, -4.71635298e-05, -100000000000.0, 1.23797254e-07, -1.04037198e-06][46153846200.0, -53846153800.0, -100000000000.0, 415384615000.0, 53846153800.0, -53846153800.0, 100000000000.0, -307692308000.0, -100000000000.0, -3.81469727e-05, -1.90734863e-06, -1.69254698e-06][38461538500.0, -13461538500.0, -153846154000.0, 53846153800.0, 155769231000.0, -75000000000.0, -2.08074396e-06, 1.56055797e-06, -53846153800.0, 46153846200.0, 13461538500.0, -11538461500.0][-11538461500.0, 13461538500.0, 46153846200.0, -53846153800.0, -75000000000.0, 155769231000.0, 0.0, -1.7339533e-06, 53846153800.0, -153846154000.0, -13461538500.0, 38461538500.0][-1.66459517e-05, -53846153800.0, -107692308000.0, 100000000000.0, -2.08074396e-06, 0.0, 415384615000.0, -100000000000.0, -307692308000.0, 100000000000.0, 4.43144563e-06, -46153846200.0][-46153846200.0, -8.32297585e-06, 100000000000.0, -307692308000.0, 1.56055797e-06, -1.7339533e-06, -100000000000.0, 415384615000.0, 100000000000.0, -107692308000.0, -53846153800.0, 2.24993774e-06][3.19047408e-05, -1.26249285e-06, -4.71635298e-05, -100000000000.0, -53846153800.0, 53846153800.0, -307692308000.0, 100000000000.0, 415384615000.0, -100000000000.0, -53846153800.0, 46153846200.0][-1.09877425e-06, 9.01655717e-06, -100000000000.0, -3.81469727e-05, 46153846200.0, -153846154000.0, 100000000000.0, -107692308000.0, -100000000000.0, 415384615000.0, 53846153800.0, -153846154000.0][-2.31008986e-22, 13461538500.0, 1.23797254e-07, -1.90734863e-06, 13461538500.0, -13461538500.0, 4.43144563e-06, -53846153800.0, -53846153800.0, 53846153800.0, 40384615400.0, -1.38777878e-06][11538461500.0, -1.15504493e-22, -1.04037198e-06, -1.69254698e-06, -11538461500.0, 38461538500.0, -46153846200.0, 2.24993774e-06, 46153846200.0, -153846154000.0, -1.38777878e-06, 115384615000.0]

Element number 4------------------------------------------------------------------------------------------------------------------------------------------------------
[115384615000.0, 0.0, -153846154000.0, 46153846200.0, 38461538500.0, -11538461500.0, -1.66459517e-05, -46153846200.0, 3.19047408e-05, -1.09877425e-06, -2.31008986e-22, 11538461500.0][0.0, 40384615400.0, 53846153800.0, -53846153800.0, -13461538500.0, 13461538500.0, -53846153800.0, -8.32297585e-06, -1.26249285e-06, 9.01655717e-06, 13461538500.0, -1.15504493e-22][-153846154000.0, 53846153800.0, 415384615000.0, -100000000000.0, -153846154000.0, 46153846200.0, -107692308000.0, 100000000000.0, -4.71635298e-05, -100000000000.0, 1.23797254e-07, -1.04037198e-06][46153846200.0, -53846153800.0, -100000000000.0, 415384615000.0, 53846153800.0, -53846153800.0, 100000000000.0, -307692308000.0, -100000000000.0, -3.81469727e-05, -1.90734863e-06, -1.69254698e-06][38461538500.0, -13461538500.0, -153846154000.0, 53846153800.0, 155769231000.0, -75000000000.0, -2.08074396e-06, 1.56055797e-06, -53846153800.0, 46153846200.0, 13461538500.0, -11538461500.0][-11538461500.0, 13461538500.0, 46153846200.0, -53846153800.0, -75000000000.0, 155769231000.0, 0.0, -1.7339533e-06, 53846153800.0, -153846154000.0, -13461538500.0, 38461538500.0][-1.66459517e-05, -53846153800.0, -107692308000.0, 100000000000.0, -2.08074396e-06, 0.0, 415384615000.0, -100000000000.0, -307692308000.0, 100000000000.0, 4.43144563e-06, -46153846200.0][-46153846200.0, -8.32297585e-06, 100000000000.0, -307692308000.0, 1.56055797e-06, -1.7339533e-06, -100000000000.0, 415384615000.0, 100000000000.0, -107692308000.0, -53846153800.0, 2.24993774e-06][3.19047408e-05, -1.26249285e-06, -4.71635298e-05, -100000000000.0, -53846153800.0, 53846153800.0, -307692308000.0, 100000000000.0, 415384615000.0, -100000000000.0, -53846153800.0, 46153846200.0][-1.09877425e-06, 9.01655717e-06, -100000000000.0, -3.81469727e-05, 46153846200.0, -153846154000.0, 100000000000.0, -107692308000.0, -100000000000.0, 415384615000.0, 53846153800.0, -153846154000.0][-2.31008986e-22, 13461538500.0, 1.23797254e-07, -1.90734863e-06, 13461538500.0, -13461538500.0, 4.43144563e-06, -53846153800.0, -53846153800.0, 53846153800.0, 40384615400.0, -1.38777878e-06][11538461500.0, -1.15504493e-22, -1.04037198e-06, -1.69254698e-06, -11538461500.0, 38461538500.0, -46153846200.0, 2.24993774e-06, 46153846200.0, -153846154000.0, -1.38777878e-06, 115384615000.0]

Element number 5------------------------------------------------------------------------------------------------------------------------------------------------------
[115384615000.0, 0.0, -153846154000.0, 46153846200.0, 38461538500.0, -11538461500.0, -1.66459517e-05, -46153846200.0, 3.19047408e-05, -1.09877425e-06, -2.31008986e-22, 11538461500.0][0.0, 40384615400.0, 53846153800.0, -53846153800.0, -13461538500.0, 13461538500.0, -53846153800.0, -8.32297585e-06, -1.26249285e-06, 9.01655717e-06, 13461538500.0, -1.15504493e-22][-153846154000.0, 53846153800.0, 415384615000.0, -100000000000.0, -153846154000.0, 46153846200.0, -107692308000.0, 100000000000.0, -4.71635298e-05, -100000000000.0, 1.23797254e-07, -1.04037198e-06][46153846200.0, -53846153800.0, -100000000000.0, 415384615000.0, 53846153800.0, -53846153800.0, 100000000000.0, -307692308000.0, -100000000000.0, -3.81469727e-05, -1.90734863e-06, -1.69254698e-06][38461538500.0, -13461538500.0, -153846154000.0, 53846153800.0, 155769231000.0, -75000000000.0, -2.08074396e-06, 1.56055797e-06, -53846153800.0, 46153846200.0, 13461538500.0, -11538461500.0][-11538461500.0, 13461538500.0, 46153846200.0, -53846153800.0, -75000000000.0, 155769231000.0, 0.0, -1.7339533e-06, 53846153800.0, -153846154000.0, -13461538500.0, 38461538500.0][-1.66459517e-05, -53846153800.0, -107692308000.0, 100000000000.0, -2.08074396e-06, 0.0, 415384615000.0, -100000000000.0, -307692308000.0, 100000000000.0, 4.43144563e-06, -46153846200.0][-46153846200.0, -8.32297585e-06, 100000000000.0, -307692308000.0, 1.56055797e-06, -1.7339533e-06, -100000000000.0, 415384615000.0, 100000000000.0, -107692308000.0, -53846153800.0, 2.24993774e-06][3.19047408e-05, -1.26249285e-06, -4.71635298e-05, -100000000000.0, -53846153800.0, 53846153800.0, -307692308000.0, 100000000000.0, 415384615000.0, -100000000000.0, -53846153800.0, 46153846200.0][-1.09877425e-06, 9.01655717e-06, -100000000000.0, -3.81469727e-05, 46153846200.0, -153846154000.0, 100000000000.0, -107692308000.0, -100000000000.0, 415384615000.0, 53846153800.0, -153846154000.0][-2.31008986e-22, 13461538500.0, 1.23797254e-07, -1.90734863e-06, 13461538500.0, -13461538500.0, 4.43144563e-06, -53846153800.0, -53846153800.0, 53846153800.0, 40384615400.0, -1.38777878e-06][11538461500.0, -1.15504493e-22, -1.04037198e-06, -1.69254698e-06, -11538461500.0, 38461538500.0, -46153846200.0, 2.24993774e-06, 46153846200.0, -153846154000.0, -1.38777878e-06, 115384615000.0]

Element number 6------------------------------------------------------------------------------------------------------------------------------------------------------
[115384615000.0, 0.0, -153846154000.0, 46153846200.0, 38461538500.0, -11538461500.0, -1.66459517e-05, -46153846200.0, 3.19047408e-05, -1.09877425e-06, -2.31008986e-22, 11538461500.0][0.0, 40384615400.0, 53846153800.0, -53846153800.0, -13461538500.0, 13461538500.0, -53846153800.0, -8.32297585e-06, -1.26249285e-06, 9.01655717e-06, 13461538500.0, -1.15504493e-22][-153846154000.0, 53846153800.0, 415384615000.0, -100000000000.0, -153846154000.0, 46153846200.0, -107692308000.0, 100000000000.0, -4.71635298e-05, -100000000000.0, 1.23797254e-07, -1.04037198e-06][46153846200.0, -53846153800.0, -100000000000.0, 415384615000.0, 53846153800.0, -53846153800.0, 100000000000.0, -307692308000.0, -100000000000.0, -3.81469727e-05, -1.90734863e-06, -1.69254698e-06][38461538500.0, -13461538500.0, -153846154000.0, 53846153800.0, 155769231000.0, -75000000000.0, -2.08074396e-06, 1.56055797e-06, -53846153800.0, 46153846200.0, 13461538500.0, -11538461500.0][-11538461500.0, 13461538500.0, 46153846200.0, -53846153800.0, -75000000000.0, 155769231000.0, 0.0, -1.7339533e-06, 53846153800.0, -153846154000.0, -13461538500.0, 38461538500.0][-1.66459517e-05, -53846153800.0, -107692308000.0, 100000000000.0, -2.08074396e-06, 0.0, 415384615000.0, -100000000000.0, -307692308000.0, 100000000000.0, 4.43144563e-06, -46153846200.0][-46153846200.0, -8.32297585e-06, 100000000000.0, -307692308000.0, 1.56055797e-06, -1.7339533e-06, -100000000000.0, 415384615000.0, 100000000000.0, -107692308000.0, -53846153800.0, 2.24993774e-06][3.19047408e-05, -1.26249285e-06, -4.71635298e-05, -100000000000.0, -53846153800.0, 53846153800.0, -307692308000.0, 100000000000.0, 415384615000.0, -100000000000.0, -53846153800.0, 46153846200.0][-1.09877425e-06, 9.01655717e-06, -100000000000.0, -3.81469727e-05, 46153846200.0, -153846154000.0, 100000000000.0, -107692308000.0, -100000000000.0, 415384615000.0, 53846153800.0, -153846154000.0][-2.31008986e-22, 13461538500.0, 1.23797254e-07, -1.90734863e-06, 13461538500.0, -13461538500.0, 4.43144563e-06, -53846153800.0, -53846153800.0, 53846153800.0, 40384615400.0, -1.38777878e-06][11538461500.0, -1.15504493e-22, -1.04037198e-06, -1.69254698e-06, -11538461500.0, 38461538500.0, -46153846200.0, 2.24993774e-06, 46153846200.0, -153846154000.0, -1.38777878e-06, 115384615000.0]

Element number 7------------------------------------------------------------------------------------------------------------------------------------------------------
[115384615000.0, 0.0, -153846154000.0, 46153846200.0, 38461538500.0, -11538461500.0, -1.66459517e-05, -46153846200.0, 3.19047408e-05, -1.09877425e-06, -2.31008986e-22, 11538461500.0][0.0, 40384615400.0, 53846153800.0, -53846153800.0, -13461538500.0, 13461538500.0, -53846153800.0, -8.32297585e-06, -1.26249285e-06, 9.01655717e-06, 13461538500.0, -1.15504493e-22][-153846154000.0, 53846153800.0, 415384615000.0, -100000000000.0, -153846154000.0, 46153846200.0, -107692308000.0, 100000000000.0, -4.71635298e-05, -100000000000.0, 1.23797254e-07, -1.04037198e-06][46153846200.0, -53846153800.0, -100000000000.0, 415384615000.0, 53846153800.0, -53846153800.0, 100000000000.0, -307692308000.0, -100000000000.0, -3.81469727e-05, -1.90734863e-06, -1.69254698e-06][38461538500.0, -13461538500.0, -153846154000.0, 53846153800.0, 155769231000.0, -75000000000.0, -2.08074396e-06, 1.56055797e-06, -53846153800.0, 46153846200.0, 13461538500.0, -11538461500.0][-11538461500.0, 13461538500.0, 46153846200.0, -53846153800.0, -75000000000.0, 155769231000.0, 0.0, -1.7339533e-06, 53846153800.0, -153846154000.0, -13461538500.0, 38461538500.0][-1.66459517e-05, -53846153800.0, -107692308000.0, 100000000000.0, -2.08074396e-06, 0.0, 415384615000.0, -100000000000.0, -307692308000.0, 100000000000.0, 4.43144563e-06, -46153846200.0][-46153846200.0, -8.32297585e-06, 100000000000.0, -307692308000.0, 1.56055797e-06, -1.7339533e-06, -100000000000.0, 415384615000.0, 100000000000.0, -107692308000.0, -53846153800.0, 2.24993774e-06][3.19047408e-05, -1.26249285e-06, -4.71635298e-05, -100000000000.0, -53846153800.0, 53846153800.0, -307692308000.0, 100000000000.0, 415384615000.0, -100000000000.0, -53846153800.0, 46153846200.0][-1.09877425e-06, 9.01655717e-06, -100000000000.0, -3.81469727e-05, 46153846200.0, -153846154000.0, 100000000000.0, -107692308000.0, -100000000000.0, 415384615000.0, 53846153800.0, -153846154000.0][-2.31008986e-22, 13461538500.0, 1.23797254e-07, -1.90734863e-06, 13461538500.0, -13461538500.0, 4.43144563e-06, -53846153800.0, -53846153800.0, 53846153800.0, 40384615400.0, -1.38777878e-06][11538461500.0, -1.15504493e-22, -1.04037198e-06, -1.69254698e-06, -11538461500.0, 38461538500.0, -46153846200.0, 2.24993774e-06, 46153846200.0, -153846154000.0, -1.38777878e-06, 115384615000.0]

Element number 8------------------------------------------------------------------------------------------------------------------------------------------------------
[115384615000.0, 0.0, -153846154000.0, 46153846200.0, 38461538500.0, -11538461500.0, -1.66459517e-05, -46153846200.0, 3.19047408e-05, -1.09877425e-06, -2.31008986e-22, 11538461500.0][0.0, 40384615400.0, 53846153800.0, -53846153800.0, -13461538500.0, 13461538500.0, -53846153800.0, -8.32297585e-06, -1.26249285e-06, 9.01655717e-06, 13461538500.0, -1.15504493e-22][-153846154000.0, 53846153800.0, 415384615000.0, -100000000000.0, -153846154000.0, 46153846200.0, -107692308000.0, 100000000000.0, -4.71635298e-05, -100000000000.0, 1.23797254e-07, -1.04037198e-06][46153846200.0, -53846153800.0, -100000000000.0, 415384615000.0, 53846153800.0, -53846153800.0, 100000000000.0, -307692308000.0, -100000000000.0, -3.81469727e-05, -1.90734863e-06, -1.69254698e-06][38461538500.0, -13461538500.0, -153846154000.0, 53846153800.0, 155769231000.0, -75000000000.0, -2.08074396e-06, 1.56055797e-06, -53846153800.0, 46153846200.0, 13461538500.0, -11538461500.0][-11538461500.0, 13461538500.0, 46153846200.0, -53846153800.0, -75000000000.0, 155769231000.0, 0.0, -1.7339533e-06, 53846153800.0, -153846154000.0, -13461538500.0, 38461538500.0][-1.66459517e-05, -53846153800.0, -107692308000.0, 100000000000.0, -2.08074396e-06, 0.0, 415384615000.0, -100000000000.0, -307692308000.0, 100000000000.0, 4.43144563e-06, -46153846200.0][-46153846200.0, -8.32297585e-06, 100000000000.0, -307692308000.0, 1.56055797e-06, -1.7339533e-06, -100000000000.0, 415384615000.0, 100000000000.0, -107692308000.0, -53846153800.0, 2.24993774e-06][3.19047408e-05, -1.26249285e-06, -4.71635298e-05, -100000000000.0, -53846153800.0, 53846153800.0, -307692308000.0, 100000000000.0, 415384615000.0, -100000000000.0, -53846153800.0, 46153846200.0][-1.09877425e-06, 9.01655717e-06, -100000000000.0, -3.81469727e-05, 46153846200.0, -153846154000.0, 100000000000.0, -107692308000.0, -100000000000.0, 415384615000.0, 53846153800.0, -153846154000.0][-2.31008986e-22, 13461538500.0, 1.23797254e-07, -1.90734863e-06, 13461538500.0, -13461538500.0, 4.43144563e-06, -53846153800.0, -53846153800.0, 53846153800.0, 40384615400.0, -1.38777878e-06][11538461500.0, -1.15504493e-22, -1.04037198e-06, -1.69254698e-06, -11538461500.0, 38461538500.0, -46153846200.0, 2.24993774e-06, 46153846200.0, -153846154000.0, -1.38777878e-06, 115384615000.0]

Element number 9------------------------------------------------------------------------------------------------------------------------------------------------------
[115384615000.0, 0.0, -153846154000.0, 46153846200.0, 38461538500.0, -11538461500.0, -1.66459517e-05, -46153846200.0, 3.19047408e-05, -1.09877425e-06, -2.31008986e-22, 11538461500.0][0.0, 40384615400.0, 53846153800.0, -53846153800.0, -13461538500.0, 13461538500.0, -53846153800.0, -8.32297585e-06, -1.26249285e-06, 9.01655717e-06, 13461538500.0, -1.15504493e-22][-153846154000.0, 53846153800.0, 415384615000.0, -100000000000.0, -153846154000.0, 46153846200.0, -107692308000.0, 100000000000.0, -4.71635298e-05, -100000000000.0, 1.23797254e-07, -1.04037198e-06][46153846200.0, -53846153800.0, -100000000000.0, 415384615000.0, 53846153800.0, -53846153800.0, 100000000000.0, -307692308000.0, -100000000000.0, -3.81469727e-05, -1.90734863e-06, -1.69254698e-06][38461538500.0, -13461538500.0, -153846154000.0, 53846153800.0, 155769231000.0, -75000000000.0, -2.08074396e-06, 1.56055797e-06, -53846153800.0, 46153846200.0, 13461538500.0, -11538461500.0][-11538461500.0, 13461538500.0, 46153846200.0, -53846153800.0, -75000000000.0, 155769231000.0, 0.0, -1.7339533e-06, 53846153800.0, -153846154000.0, -13461538500.0, 38461538500.0][-1.66459517e-05, -53846153800.0, -107692308000.0, 100000000000.0, -2.08074396e-06, 0.0, 415384615000.0, -100000000000.0, -307692308000.0, 100000000000.0, 4.43144563e-06, -46153846200.0][-46153846200.0, -8.32297585e-06, 100000000000.0, -307692308000.0, 1.56055797e-06, -1.7339533e-06, -100000000000.0, 415384615000.0, 100000000000.0, -107692308000.0, -53846153800.0, 2.24993774e-06][3.19047408e-05, -1.26249285e-06, -4.71635298e-05, -100000000000.0, -53846153800.0, 53846153800.0, -307692308000.0, 100000000000.0, 415384615000.0, -100000000000.0, -53846153800.0, 46153846200.0][-1.09877425e-06, 9.01655717e-06, -100000000000.0, -3.81469727e-05, 46153846200.0, -153846154000.0, 100000000000.0, -107692308000.0, -100000000000.0, 415384615000.0, 53846153800.0, -153846154000.0][-2.31008986e-22, 13461538500.0, 1.23797254e-07, -1.90734863e-06, 13461538500.0, -13461538500.0, 4.43144563e-06, -53846153800.0, -53846153800.0, 53846153800.0, 40384615400.0, -1.38777878e-06][11538461500.0, -1.15504493e-22, -1.04037198e-06, -1.69254698e-06, -11538461500.0, 38461538500.0, -46153846200.0, 2.24993774e-06, 46153846200.0, -153846154000.0, -1.38777878e-06, 115384615000.0]

Element number 10------------------------------------------------------------------------------------------------------------------------------------------------------
[115384615000.0, 0.0, -153846154000.0, 46153846200.0, 38461538500.0, -11538461500.0, -1.66459517e-05, -46153846200.0, 3.19047408e-05, -1.09877425e-06, -2.31008986e-22, 11538461500.0][0.0, 40384615400.0, 53846153800.0, -53846153800.0, -13461538500.0, 13461538500.0, -53846153800.0, -8.32297585e-06, -1.26249285e-06, 9.01655717e-06, 13461538500.0, -1.15504493e-22][-153846154000.0, 53846153800.0, 415384615000.0, -100000000000.0, -153846154000.0, 46153846200.0, -107692308000.0, 100000000000.0, -4.71635298e-05, -100000000000.0, 1.23797254e-07, -1.04037198e-06][46153846200.0, -53846153800.0, -100000000000.0, 415384615000.0, 53846153800.0, -53846153800.0, 100000000000.0, -307692308000.0, -100000000000.0, -3.81469727e-05, -1.90734863e-06, -1.69254698e-06][38461538500.0, -13461538500.0, -153846154000.0, 53846153800.0, 155769231000.0, -75000000000.0, -2.08074396e-06, 1.56055797e-06, -53846153800.0, 46153846200.0, 13461538500.0, -11538461500.0][-11538461500.0, 13461538500.0, 46153846200.0, -53846153800.0, -75000000000.0, 155769231000.0, 0.0, -1.7339533e-06, 53846153800.0, -153846154000.0, -13461538500.0, 38461538500.0][-1.66459517e-05, -53846153800.0, -107692308000.0, 100000000000.0, -2.08074396e-06, 0.0, 415384615000.0, -100000000000.0, -307692308000.0, 100000000000.0, 4.43144563e-06, -46153846200.0][-46153846200.0, -8.32297585e-06, 100000000000.0, -307692308000.0, 1.56055797e-06, -1.7339533e-06, -100000000000.0, 415384615000.0, 100000000000.0, -107692308000.0, -53846153800.0, 2.24993774e-06][3.19047408e-05, -1.26249285e-06, -4.71635298e-05, -100000000000.0, -53846153800.0, 53846153800.0, -307692308000.0, 100000000000.0, 415384615000.0, -100000000000.0, -53846153800.0, 46153846200.0][-1.09877425e-06, 9.01655717e-06, -100000000000.0, -3.81469727e-05, 46153846200.0, -153846154000.0, 100000000000.0, -107692308000.0, -100000000000.0, 415384615000.0, 53846153800.0, -153846154000.0][-2.31008986e-22, 13461538500.0, 1.23797254e-07, -1.90734863e-06, 13461538500.0, -13461538500.0, 4.43144563e-06, -53846153800.0, -53846153800.0, 53846153800.0, 40384615400.0, -1.38777878e-06][11538461500.0, -1.15504493e-22, -1.04037198e-06, -1.69254698e-06, -11538461500.0, 38461538500.0, -46153846200.0, 2.24993774e-06, 46153846200.0, -153846154000.0, -1.38777878e-06, 115384615000.0]

Element number 11------------------------------------------------------------------------------------------------------------------------------------------------------
[115384615000.0, 0.0, -153846154000.0, 46153846200.0, 38461538500.0, -11538461500.0, -1.66459517e-05, -46153846200.0, 3.19047408e-05, -1.09877425e-06, -2.31008986e-22, 11538461500.0][0.0, 40384615400.0, 53846153800.0, -53846153800.0, -13461538500.0, 13461538500.0, -53846153800.0, -8.32297585e-06, -1.26249285e-06, 9.01655717e-06, 13461538500.0, -1.15504493e-22][-153846154000.0, 53846153800.0, 415384615000.0, -100000000000.0, -153846154000.0, 46153846200.0, -107692308000.0, 100000000000.0, -4.71635298e-05, -100000000000.0, 1.23797254e-07, -1.04037198e-06][46153846200.0, -53846153800.0, -100000000000.0, 415384615000.0, 53846153800.0, -53846153800.0, 100000000000.0, -307692308000.0, -100000000000.0, -3.81469727e-05, -1.90734863e-06, -1.69254698e-06][38461538500.0, -13461538500.0, -153846154000.0, 53846153800.0, 155769231000.0, -75000000000.0, -2.08074396e-06, 1.56055797e-06, -53846153800.0, 46153846200.0, 13461538500.0, -11538461500.0][-11538461500.0, 13461538500.0, 46153846200.0, -53846153800.0, -75000000000.0, 155769231000.0, 0.0, -1.7339533e-06, 53846153800.0, -153846154000.0, -13461538500.0, 38461538500.0][-1.66459517e-05, -53846153800.0, -107692308000.0, 100000000000.0, -2.08074396e-06, 0.0, 415384615000.0, -100000000000.0, -307692308000.0, 100000000000.0, 4.43144563e-06, -46153846200.0][-46153846200.0, -8.32297585e-06, 100000000000.0, -307692308000.0, 1.56055797e-06, -1.7339533e-06, -100000000000.0, 415384615000.0, 100000000000.0, -107692308000.0, -53846153800.0, 2.24993774e-06][3.19047408e-05, -1.26249285e-06, -4.71635298e-05, -100000000000.0, -53846153800.0, 53846153800.0, -307692308000.0, 100000000000.0, 415384615000.0, -100000000000.0, -53846153800.0, 46153846200.0][-1.09877425e-06, 9.01655717e-06, -100000000000.0, -3.81469727e-05, 46153846200.0, -153846154000.0, 100000000000.0, -107692308000.0, -100000000000.0, 415384615000.0, 53846153800.0, -153846154000.0][-2.31008986e-22, 13461538500.0, 1.23797254e-07, -1.90734863e-06, 13461538500.0, -13461538500.0, 4.43144563e-06, -53846153800.0, -53846153800.0, 53846153800.0, 40384615400.0, -1.38777878e-06][11538461500.0, -1.15504493e-22, -1.04037198e-06, -1.69254698e-06, -11538461500.0, 38461538500.0, -46153846200.0, 2.24993774e-06, 46153846200.0, -153846154000.0, -1.38777878e-06, 115384615000.0]

Element number 12------------------------------------------------------------------------------------------------------------------------------------------------------
[115384615000.0, 0.0, -153846154000.0, 46153846200.0, 38461538500.0, -11538461500.0, -1.66459517e-05, -46153846200.0, 3.19047408e-05, -1.09877425e-06, -2.31008986e-22, 11538461500.0][0.0, 40384615400.0, 53846153800.0, -53846153800.0, -13461538500.0, 13461538500.0, -53846153800.0, -8.32297585e-06, -1.26249285e-06, 9.01655717e-06, 13461538500.0, -1.15504493e-22][-153846154000.0, 53846153800.0, 415384615000.0, -100000000000.0, -153846154000.0, 46153846200.0, -107692308000.0, 100000000000.0, -4.71635298e-05, -100000000000.0, 1.23797254e-07, -1.04037198e-06][46153846200.0, -53846153800.0, -100000000000.0, 415384615000.0, 53846153800.0, -53846153800.0, 100000000000.0, -307692308000.0, -100000000000.0, -3.81469727e-05, -1.90734863e-06, -1.69254698e-06][38461538500.0, -13461538500.0, -153846154000.0, 53846153800.0, 155769231000.0, -75000000000.0, -2.08074396e-06, 1.56055797e-06, -53846153800.0, 46153846200.0, 13461538500.0, -11538461500.0][-11538461500.0, 13461538500.0, 46153846200.0, -53846153800.0, -75000000000.0, 155769231000.0, 0.0, -1.7339533e-06, 53846153800.0, -153846154000.0, -13461538500.0, 38461538500.0][-1.66459517e-05, -53846153800.0, -107692308000.0, 100000000000.0, -2.08074396e-06, 0.0, 415384615000.0, -100000000000.0, -307692308000.0, 100000000000.0, 4.43144563e-06, -46153846200.0][-46153846200.0, -8.32297585e-06, 100000000000.0, -307692308000.0, 1.56055797e-06, -1.7339533e-06, -100000000000.0, 415384615000.0, 100000000000.0, -107692308000.0, -53846153800.0, 2.24993774e-06][3.19047408e-05, -1.26249285e-06, -4.71635298e-05, -100000000000.0, -53846153800.0, 53846153800.0, -307692308000.0, 100000000000.0, 415384615000.0, -100000000000.0, -53846153800.0, 46153846200.0][-1.09877425e-06, 9.01655717e-06, -100000000000.0, -3.81469727e-05, 46153846200.0, -153846154000.0, 100000000000.0, -107692308000.0, -100000000000.0, 415384615000.0, 53846153800.0, -153846154000.0][-2.31008986e-22, 13461538500.0, 1.23797254e-07, -1.90734863e-06, 13461538500.0, -13461538500.0, 4.43144563e-06, -53846153800.0, -53846153800.0, 53846153800.0, 40384615400.0, -1.38777878e-06][11538461500.0, -1.15504493e-22, -1.04037198e-06, -1.69254698e-06, -11538461500.0, 38461538500.0, -46153846200.0, 2.24993774e-06, 46153846200.0, -153846154000.0, -1.38777878e-06, 115384615000.0]

Element number 13------------------------------------------------------------------------------------------------------------------------------------------------------
[115384615000.0, 0.0, -153846154000.0, 46153846200.0, 38461538500.0, -11538461500.0, -1.66459517e-05, -46153846200.0, 3.19047408e-05, -1.09877425e-06, -2.31008986e-22, 11538461500.0][0.0, 40384615400.0, 53846153800.0, -53846153800.0, -13461538500.0, 13461538500.0, -53846153800.0, -8.32297585e-06, -1.26249285e-06, 9.01655717e-06, 13461538500.0, -1.15504493e-22][-153846154000.0, 53846153800.0, 415384615000.0, -100000000000.0, -153846154000.0, 46153846200.0, -107692308000.0, 100000000000.0, -4.71635298e-05, -100000000000.0, 1.23797254e-07, -1.04037198e-06][46153846200.0, -53846153800.0, -100000000000.0, 415384615000.0, 53846153800.0, -53846153800.0, 100000000000.0, -307692308000.0, -100000000000.0, -3.81469727e-05, -1.90734863e-06, -1.69254698e-06][38461538500.0, -13461538500.0, -153846154000.0, 53846153800.0, 155769231000.0, -75000000000.0, -2.08074396e-06, 1.56055797e-06, -53846153800.0, 46153846200.0, 13461538500.0, -11538461500.0][-11538461500.0, 13461538500.0, 46153846200.0, -53846153800.0, -75000000000.0, 155769231000.0, 0.0, -1.7339533e-06, 53846153800.0, -153846154000.0, -13461538500.0, 38461538500.0][-1.66459517e-05, -53846153800.0, -107692308000.0, 100000000000.0, -2.08074396e-06, 0.0, 415384615000.0, -100000000000.0, -307692308000.0, 100000000000.0, 4.43144563e-06, -46153846200.0][-46153846200.0, -8.32297585e-06, 100000000000.0, -307692308000.0, 1.56055797e-06, -1.7339533e-06, -100000000000.0, 415384615000.0, 100000000000.0, -107692308000.0, -53846153800.0, 2.24993774e-06][3.19047408e-05, -1.26249285e-06, -4.71635298e-05, -100000000000.0, -53846153800.0, 53846153800.0, -307692308000.0, 100000000000.0, 415384615000.0, -100000000000.0, -53846153800.0, 46153846200.0][-1.09877425e-06, 9.01655717e-06, -100000000000.0, -3.81469727e-05, 46153846200.0, -153846154000.0, 100000000000.0, -107692308000.0, -100000000000.0, 415384615000.0, 53846153800.0, -153846154000.0][-2.31008986e-22, 13461538500.0, 1.23797254e-07, -1.90734863e-06, 13461538500.0, -13461538500.0, 4.43144563e-06, -53846153800.0, -53846153800.0, 53846153800.0, 40384615400.0, -1.38777878e-06][11538461500.0, -1.15504493e-22, -1.04037198e-06, -1.69254698e-06, -11538461500.0, 38461538500.0, -46153846200.0, 2.24993774e-06, 46153846200.0, -153846154000.0, -1.38777878e-06, 115384615000.0]

Element number 14------------------------------------------------------------------------------------------------------------------------------------------------------
[115384615000.0, 0.0, -153846154000.0, 46153846200.0, 38461538500.0, -11538461500.0, -1.66459517e-05, -46153846200.0, 3.19047408e-05, -1.09877425e-06, -2.31008986e-22, 11538461500.0][0.0, 40384615400.0, 53846153800.0, -53846153800.0, -13461538500.0, 13461538500.0, -53846153800.0, -8.32297585e-06, -1.26249285e-06, 9.01655717e-06, 13461538500.0, -1.15504493e-22][-153846154000.0, 53846153800.0, 415384615000.0, -100000000000.0, -153846154000.0, 46153846200.0, -107692308000.0, 100000000000.0, -4.71635298e-05, -100000000000.0, 1.23797254e-07, -1.04037198e-06][46153846200.0, -53846153800.0, -100000000000.0, 415384615000.0, 53846153800.0, -53846153800.0, 100000000000.0, -307692308000.0, -100000000000.0, -3.81469727e-05, -1.90734863e-06, -1.69254698e-06][38461538500.0, -13461538500.0, -153846154000.0, 53846153800.0, 155769231000.0, -75000000000.0, -2.08074396e-06, 1.56055797e-06, -53846153800.0, 46153846200.0, 13461538500.0, -11538461500.0][-11538461500.0, 13461538500.0, 46153846200.0, -53846153800.0, -75000000000.0, 155769231000.0, 0.0, -1.7339533e-06, 53846153800.0, -153846154000.0, -13461538500.0, 38461538500.0][-1.66459517e-05, -53846153800.0, -107692308000.0, 100000000000.0, -2.08074396e-06, 0.0, 415384615000.0, -100000000000.0, -307692308000.0, 100000000000.0, 4.43144563e-06, -46153846200.0][-46153846200.0, -8.32297585e-06, 100000000000.0, -307692308000.0, 1.56055797e-06, -1.7339533e-06, -100000000000.0, 415384615000.0, 100000000000.0, -107692308000.0, -53846153800.0, 2.24993774e-06][3.19047408e-05, -1.26249285e-06, -4.71635298e-05, -100000000000.0, -53846153800.0, 53846153800.0, -307692308000.0, 100000000000.0, 415384615000.0, -100000000000.0, -53846153800.0, 46153846200.0][-1.09877425e-06, 9.01655717e-06, -100000000000.0, -3.81469727e-05, 46153846200.0, -153846154000.0, 100000000000.0, -107692308000.0, -100000000000.0, 415384615000.0, 53846153800.0, -153846154000.0][-2.31008986e-22, 13461538500.0, 1.23797254e-07, -1.90734863e-06, 13461538500.0, -13461538500.0, 4.43144563e-06, -53846153800.0, -53846153800.0, 53846153800.0, 40384615400.0, -1.38777878e-06][11538461500.0, -1.15504493e-22, -1.04037198e-06, -1.69254698e-06, -11538461500.0, 38461538500.0, -46153846200.0, 2.24993774e-06, 46153846200.0, -153846154000.0, -1.38777878e-06, 115384615000.0]

Element number 15------------------------------------------------------------------------------------------------------------------------------------------------------
[115384615000.0, 0.0, -153846154000.0, 46153846200.0, 38461538500.0, -11538461500.0, -1.66459517e-05, -46153846200.0, 3.19047408e-05, -1.09877425e-06, -2.31008986e-22, 11538461500.0][0.0, 40384615400.0, 53846153800.0, -53846153800.0, -13461538500.0, 13461538500.0, -53846153800.0, -8.32297585e-06, -1.26249285e-06, 9.01655717e-06, 13461538500.0, -1.15504493e-22][-153846154000.0, 53846153800.0, 415384615000.0, -100000000000.0, -153846154000.0, 46153846200.0, -107692308000.0, 100000000000.0, -4.71635298e-05, -100000000000.0, 1.23797254e-07, -1.04037198e-06][46153846200.0, -53846153800.0, -100000000000.0, 415384615000.0, 53846153800.0, -53846153800.0, 100000000000.0, -307692308000.0, -100000000000.0, -3.81469727e-05, -1.90734863e-06, -1.69254698e-06][38461538500.0, -13461538500.0, -153846154000.0, 53846153800.0, 155769231000.0, -75000000000.0, -2.08074396e-06, 1.56055797e-06, -53846153800.0, 46153846200.0, 13461538500.0, -11538461500.0][-11538461500.0, 13461538500.0, 46153846200.0, -53846153800.0, -75000000000.0, 155769231000.0, 0.0, -1.7339533e-06, 53846153800.0, -153846154000.0, -13461538500.0, 38461538500.0][-1.66459517e-05, -53846153800.0, -107692308000.0, 100000000000.0, -2.08074396e-06, 0.0, 415384615000.0, -100000000000.0, -307692308000.0, 100000000000.0, 4.43144563e-06, -46153846200.0][-46153846200.0, -8.32297585e-06, 100000000000.0, -307692308000.0, 1.56055797e-06, -1.7339533e-06, -100000000000.0, 415384615000.0, 100000000000.0, -107692308000.0, -53846153800.0, 2.24993774e-06][3.19047408e-05, -1.26249285e-06, -4.71635298e-05, -100000000000.0, -53846153800.0, 53846153800.0, -307692308000.0, 100000000000.0, 415384615000.0, -100000000000.0, -53846153800.0, 46153846200.0][-1.09877425e-06, 9.01655717e-06, -100000000000.0, -3.81469727e-05, 46153846200.0, -153846154000.0, 100000000000.0, -107692308000.0, -100000000000.0, 415384615000.0, 53846153800.0, -153846154000.0][-2.31008986e-22, 13461538500.0, 1.23797254e-07, -1.90734863e-06, 13461538500.0, -13461538500.0, 4.43144563e-06, -53846153800.0, -53846153800.0, 53846153800.0, 40384615400.0, -1.38777878e-06][11538461500.0, -1.15504493e-22, -1.04037198e-06, -1.69254698e-06, -11538461500.0, 38461538500.0, -46153846200.0, 2.24993774e-06, 46153846200.0, -153846154000.0, -1.38777878e-06, 115384615000.0]

Element number 16------------------------------------------------------------------------------------------------------------------------------------------------------
[115384615000.0, 0.0, -153846154000.0, 46153846200.0, 38461538500.0, -11538461500.0, -1.66459517e-05, -46153846200.0, 3.19047408e-05, -1.09877425e-06, -2.31008986e-22, 11538461500.0][0.0, 40384615400.0, 53846153800.0, -53846153800.0, -13461538500.0, 13461538500.0, -53846153800.0, -8.32297585e-06, -1.26249285e-06, 9.01655717e-06, 13461538500.0, -1.15504493e-22][-153846154000.0, 53846153800.0, 415384615000.0, -100000000000.0, -153846154000.0, 46153846200.0, -107692308000.0, 100000000000.0, -4.71635298e-05, -100000000000.0, 1.23797254e-07, -1.04037198e-06][46153846200.0, -53846153800.0, -100000000000.0, 415384615000.0, 53846153800.0, -53846153800.0, 100000000000.0, -307692308000.0, -100000000000.0, -3.81469727e-05, -1.90734863e-06, -1.69254698e-06][38461538500.0, -13461538500.0, -153846154000.0, 53846153800.0, 155769231000.0, -75000000000.0, -2.08074396e-06, 1.56055797e-06, -53846153800.0, 46153846200.0, 13461538500.0, -11538461500.0][-11538461500.0, 13461538500.0, 46153846200.0, -53846153800.0, -75000000000.0, 155769231000.0, 0.0, -1.7339533e-06, 53846153800.0, -153846154000.0, -13461538500.0, 38461538500.0][-1.66459517e-05, -53846153800.0, -107692308000.0, 100000000000.0, -2.08074396e-06, 0.0, 415384615000.0, -100000000000.0, -307692308000.0, 100000000000.0, 4.43144563e-06, -46153846200.0][-46153846200.0, -8.32297585e-06, 100000000000.0, -307692308000.0, 1.56055797e-06, -1.7339533e-06, -100000000000.0, 415384615000.0, 100000000000.0, -107692308000.0, -53846153800.0, 2.24993774e-06][3.19047408e-05, -1.26249285e-06, -4.71635298e-05, -100000000000.0, -53846153800.0, 53846153800.0, -307692308000.0, 100000000000.0, 415384615000.0, -100000000000.0, -53846153800.0, 46153846200.0][-1.09877425e-06, 9.01655717e-06, -100000000000.0, -3.81469727e-05, 46153846200.0, -153846154000.0, 100000000000.0, -107692308000.0, -100000000000.0, 415384615000.0, 53846153800.0, -153846154000.0][-2.31008986e-22, 13461538500.0, 1.23797254e-07, -1.90734863e-06, 13461538500.0, -13461538500.0, 4.43144563e-06, -53846153800.0, -53846153800.0, 53846153800.0, 40384615400.0, -1.38777878e-06][11538461500.0, -1.15504493e-22, -1.04037198e-06, -1.69254698e-06, -11538461500.0, 38461538500.0, -46153846200.0, 2.24993774e-06, 46153846200.0, -153846154000.0, -1.38777878e-06, 115384615000.0]

Element number 17------------------------------------------------------------------------------------------------------------------------------------------------------
